$ANSIBLE_VAULT;1.1;AES256
64636666326539343462303030623534343865383831353566306131343465336130373361643732
3438306362393036656332313465366133366533393166610a326539366163636330383239653239
61366566306661636137313536343533613535613330636135653562393734343833613665306135
6538663830353631640a663963383366663061613233646364303839653037396139656430336638
35346266663464353764666662393161663039333464333764396432323462303365373339656539
35636433326164653863626235353266663933346565336132303462396237363162623934306138
30343732356636383335323137333261323232363165653238393539303238663431366363343532
61623033633438623862306361663739303039613239376432663365373461313464383164376466
32346563393339383434316663383963636563636161666135616338653766326238373566636663
38633433653234326165356336333733303930383463396638656432333161333965356133323038
36303965626130343831316364616163646339376664623064373236653566393962613639636532
65636135376265336236633064343061326337373266663130363130393437393861633638383830
61333737323936346366646135376262626333623433313238353233313732343434653230613531
39663338366262313435313639363464353332626139636236653732636336316233386138303163
35613134313233346362623364383935343038663834633562323262623036313237383763393131
31336530633435343838343837306233336431393534366633343835363335613332613331663035
35363134386630396137356163383462646336373735346532373263663138393337306539643737
39623965316231613631343963316165393633663636636637393734626139626139353034303930
62623762376261313436376332316335333861633736346661643734376330633236613361346334
37353638666538326334316165393034303964396464626433623233333665636661646336643031
32633163383562393137363030303762383537383762326238616363613264376135383939643066
33393634643532323732343736613866623932396638336532663637646235336535373534356531
62363736323330353861313265386464313363373062643138323561626466663237323561616533
36396531373864376635333363383138633333626463353136643262366137373935303431326633
63653536613764666339646163343134346561343830633436363566653164306631306637376531
31343734616532393761363234366632373565353436656436663434626532373161303332343366
31383030353331626265376261636232353564373763306431306130646162313562663465373661
33613663333761393137323132353462323961366263376135656437353430366433326136613865
66636235656466393039663534656633333832343664336434303537383333313538383032373730
37363039663063373461626138366239343235623331616165386361353036386636386461373261
65313733653839303834633935616435616362656261623635356335313565393536346131366332
30333032653632386364356136343539666639333436383966366132623337373037333163333362
39353164306435343964626535303434383961333530383939643164366531623436363232366431
61613939366534356533346165326566653131623431363139396161383363313937626664623932
33393165333536363266383439656164366533363966396662376362643834616331323765373337
34343536653538623461333835303565316361656636363765663662366465366364393439333336
34663939636337626532336135636233363533613830306265323566353231643939326264363432
36383039383738326661336366636635313864386234613239643436636134386566363834373537
31626531326665313862626236663735633438336136656261373630343332666130336334373965
34396132353130663134616661303733643061626537646638646438333533353763373038383636
37313831646162626265353034336136336232303261343632366365303062613430663465626134
63353463343330353938636630623562613562393738613334633266326138353338353639326439
38373634613466303866326639653565633339313362653735383138323338383733376236356635
39313033396262313939343235333664666165373731363933313163623039326361656262626536
39623933333031363364373233373731376361626439623835323236613630393738353033346362
65316333343330386432333130333235663762613834396261666333386134636431303332366439
30306131366639653463383062616638316566396531356165313034663733303038356632396562
31306430663336633139323635396166656664303437333232333237663136653063383638646132
30666637386337633763326165366335613033636234396261306630383033666533616462383063
61333963356539623666323931626536663636646531653337353130336531346236303031643264
65353230663863326464313365353334323632383130313832613161343234313136633862393336
31643730306636663932656433353331366134623762383734393737373463383964383764623763
31363666663162656531363662303065643161363338653931323536643738333039376437383831
63336464643937373935613434376637353138333465336338316461396233396362333566343466
34626233316234646231613761663539386530623439356632653263656631316236616634313339
32373865653961346163353435373265373831616265306633373662323161636635313566653563
31323431303134653363343938373633303335366132313032376263346263633462333064303566
61613438613638386463626438396132313030373462346665373634373964353537383035383264
36643266653239376361393236373536623763656264613031333565366462666139366539623539
62383233323330313463613838303361346362613765373162306634306331363933356137636266
63666635353734366535656636373265323365633863383864383235313332336634646464323566
30343938666333626234373433643232623763316566306532643166656533316463313832343264
31333639663263343631383438343330613162316335313230303536373332656232323636333464
38643664383961643538323130373662373032646561626439643564666133306635383864623331
66643337383332653038653534616265633438366565366438663231313066376139623534353539
32643366303263653133383562393763356433383962636433383465326237373935333139653566
63333236373565646462653538323337633265383262333334346233333539653330326537373137
39373766383634326337663134346563663133636662373439323232303437646239336665373634
39623539653366363635616635613434323061636534346263383233666164316532653934626635
34643630326563376238383061356132306530336535366637663332636663346531356533336238
35626437373361646337623038323466623338623463373131636430653862366437666437336136
36623330313061316265353535616564663437383633353365373932643937656137363666343237
61343738326166366534653538643061333336663434333133623233633162656332366434646163
33366533323866373837656239386639636534616437383533313033633637613938363065656261
63633433643635633934376638386434653064326563313937396466343766313532316165653962
38313333373637646465303632616635383634613231643731666433396337653232343462303139
36653162306665366166636334633465323434326631316533623563366334636530663665616661
64616365613238306437343031316636376466313239653131646366306336616436626135393533
39316637323166616636386264396631623266363362643635613639303632343661343261616537
36363436343435663661373664646663366138316238316465353534363438373430633934623630
37663162616664383037626138383062353035373366623535643532626233383361653561633339
38316162663335633662393831393134313366653333653033316266363966656239386531633663
36346164383539323265396232313433366239653362323535306463623430643332373438633066
38613038353235613633643032376137346638313962623837333534363238363934393937623239
37333630653732646561613465313562356133326631303363313834366335666562303732633035
66663761643764616238663037646562373862663635663734653662343965633737363466353635
39383464326430363933613231313365323338653263613239346364366630623665633233383635
63653965653338666235636461313833373037656237396262663465616266373531346139623738
31333864366665383766346437616666326534356435336335383762643930643062356133366136
62303964666463393236623038613437623066636462636634636430636662663031643235633366
39346136343639663330643030396162303163616166336631313432656561336335313965363637
37653861613162383864333035326638393033623333326433383665323531626162393062313239
63643464316239653961363466323637393864343462383539626265633837393438613734303964
34306237396361386131306239633032343863653963346430316665356561633765663033623933
66363633383233363162316164353533633666643935333839336433306534646638363963653938
39633035373933333765663135646662316135653431356234656434313832303063623835396465
37636236623934396135356330393766333330643332616137656139646661613064633763316138
33386338373963383364306237656537663565636262386631393063656132396435313064383463
31373239376431343834343865643737653864653261323831363532643832633836353961623931
63373936323364616463346339663266646335333036306437643462323365386132636236633865
30363439613035633430346161666264333239373134343964653962393463633461326639393739
62643862393935646633386366396266633936396263373137326632626233616137363433316631
34613832623364623462636666313630313666383133656665353862386532306333323035643730
61353564616230306238643132323638383332386232623565653363636134663662363636626236
31643734313836306163666235623439383937363565643438336433326261623838346530303834
64336136643734303135633362663562653862313137333934323137303830636632373064313133
39623335353631366631643065646133616637393232306363356138353433356139336633323565
31666362336636393966626430323436663532613234666563616138656464373636386630343030
33326530393237353135653634336336643761643162373832356534396638626533376362633230
38356363313433383339633736333964623266386464623938353566663634626466626533626336
30313638623161326330393736346565343337303730333438386237326463303661646435366361
39333831376163383835366433323163383031616231376132376537343362626661653036343963
34386666643264653063376539386334353536346365376465306161653037613331623635666163
64656337353531666235663234386366336233353834353964353065303434343236616539323365
64613734663038623561636335663436316334623038316235633933313835333664613237393233
64393563643562323433343631643235343437666564626464376263333231363233626462353239
37613334396138633964363561633639313464303839643535363261636235306265643237396638
32306530306530633365323165613338383136363132663763623533636361343132623862303437
39666537626561663836643264333630363862366163653535373735646662326134313739363731
35363336623261623931336432366538313832383566323965303864636661326362366262343764
62336332333765353066646330316136386633613261373836623031343334646136636365336634
33393938633233643764326364383037613134303139663361333338363236646634396663613734
33316461666633353665363538333262663335623537626136376266666162633938383236356536
39313662396537326132636234396562623766353466643761356331353631646134613763623764
66663133313338393935353536663134346463653436373034323430643331623661613663343731
39363831306430303061363764336339616237616463626265356439316639613835666538636164
35303061393231623438303266633431663531633136646164303938636661343863306530393130
32363039353139623264343666383434376635366239303538366136306466633964393231353066
65356332313732336230336336663333336435666437626431366464383061636631623263616264
61376239393538656333383433383036613932376133366564663439383936636464316239306665
39303630383930316166383539316661333239656563656461396562623039356636616465366235
32396366663935633966353634346539663562386530646361333664313937663630373262646530
31396362646238653762316139646630373066663136613163326532393832326136363431396639
35343537386266393437313462616465323233633335346632643135363639346436343238343966
64636335353834623035666636396238356232633934303438623439393465383237393537646638
31366231373131653633323065653562663536646133306262373632376332653765393739333932
66653633333464623837613930346636653235313663313039653732343362333661363638353437
34386633373962613638633464366264343063386563346139383033323563343831333062343138
66323865336463633939383639333633373663613731353639396534636564646364623262343830
32333462363465393030376536373037393466396263656136353833376564353262353166643336
66376162303631356635383735633831643363353563333362636434366336653966633036333839
35323139666632633161643566376434646431343265343063663939303133613630383861663139
30336564623963316666363433316530306439393837306133623863646236393033386537323761
66613664363435643434383363373334326134303836363539303264376361323231303230303938
61616161353864363436623439623534626463333938363666336435393066363638306335623936
34306638396239323763616434313838633166623064656464383862393435313533366639316364
35623933333566656562323433626663386563373065613261366532333263643933393330323032
62386132343533646165343034313130623933333139353366633930316431323539333738396636
36643231363836396535333134653339363335336263326662613138623536643962323136333465
31376366333938346661316437323431393539666662303830663435336435633663653366613862
63333065313938303561613862653130366336326162363564333230373861366366646335336161
35626138366432663164323265313636363432363566336635616533396538643765613131613763
63393863646664393462323365303134633664326635396134363233623930306431396330326262
32313665666463633565383661383665343762343264353935313237373864646339313664313735
33376162663435326434313332636163343530323338376438626362633362386433386630386135
64643362663538653832396435363765383065623738653166646237303566316265633662343439
33313461666262666436346537323639643062633861326434363137303537353463373336646330
66386665333461383637363161323864656235373562626539366533356430643035643537636566
38306462383339366132636138336563613130393035383933653663626337313264623139353565
34316333306535643334633339616262643762313534373561366435376633363132326134616433
32383731316635643432386234383038343461303933633534373533336235333035376635383931
64353031383731306664396665623331613362643061626130306362343139393932613863313533
66316333663833616139626134333034393631373737326233336636323364646233613039303064
31373436363165353966306437343661653563393138336638356639306163333138623931623534
32656132313434356333656436613062333363303134303931623231383234316164316365393532
38303135323736343233383565613063636330383932666237376331303132313362393932373139
35313036346561666137616437303434333364633039653130313336383238386534313534313537
66643961303137343833643837613065616137343761613734346266373364306630303337323365
34643562333239356464313031626631316330316436613661346331313730633262386464383266
32363333336362616266653235636261313530316463623265376333323664353634393966373366
63363631663966653836613265356661653335363033636433323066643933656430376334313137
63636536306263356161356262633765313937316238353539653630646331356165623436313034
62303434363266383366356261656637616165393734356637643136313337393861363336646332
36343862333135376237653266376636396232316635626634356562666630323535393935306237
64393439363461396438376230343231323631646332303263336536373339633566346664656332
66656333376138336139656462306136306538363261393563306536633132343832393065336263
62363830313239353239346331393565366430356539346237643565333736643462656562663238
61383933353961626562336533313331383661336462313463316434663436383330393238656335
35303161383933376231623564663536383737393938393834663865343162303533336530366638
63306364366164346432343238336362663861306465386333613563363236323738363930373864
34663639643433323863646239663164656334373830346637613563333565616362376466363962
30313134383866636264323938656137626332653236326561653561303464363662363366663736
65386464393934386233353239616235396465343230666162666362663139663035666537663936
66653930383466343065343534383361383461383762393162326364323333653736363732393762
31333365393936313036346363653964376562326131313339656666323935353731323935313139
32636233316331366262663539376663333462396332393030633938343164663630333361316464
36373266303036643161366433386530306533613731643437326130653533653437343835383961
39316337656664383339656432326265643762643564356133356430643738316338643332643935
33306137373864613237396435666664393661343165656630376636313638643532666434366436
30343137356566343234303330613739656361376637316531376135653530303334633062666362
62313032383961646632393230633739633239313463303134333537303533383464353364666331
65373663666362363630666239613165663732626435633662333862363239326166356234353030
36343532353134373136623432373365623237623233323064386439663639633737373864366466
65353530343432623235633533303965633438353433653466623436643535333166343733303232
36636333616562653730386161383939333435613564656438306539313236363964346161323236
37343531393130643334646434333565396266336262323861396137653234373331373065666136
35396535643237326664363532363734393162626163343863383539643139363839393239663636
33306335363934393237373135643865313961393339323137373136616632336236373766313738
36393838333862393337323362363364303561653932643139616636656432613663376232376331
30626235386264323865336638393737326535323138353532383632623562396161396161383135
39323332616437643933386262343362396135613562383933346136616430363039363737643531
36376261333663326233326565373735336537663832613062333762613266633336386263306135
63383135363131346337336562636336363638373130333635616139333363363863316134396332
33316365323236336233376262336161333765313964633238333964326162393034643732333961
31383066393738356664363632613334366561363737393863663138343833333932656333633638
62383038353833316131306462623737636338663863313166316465383332626661666133343364
37326435376439623937396564336131396266623837646664656537623662346466653436633861
37623630366137646438376131313435396263366232326265303661666633633039656565616266
61303462623634326564356134633033346134306163363238653033303564353936313335663533
66326565336263326363663731643264306639623135313162646435323836373139326437306332
31383932396663363232613065656133383562353334363466373464353462393533613866393633
66303361336363343332313532383961613637333432636539616436383966383162613739306538
37343132303466633430626663343961313732343138353961376163326336363831653465303631
61323433373235643930653662643137303830626466646132383032633135353162353635333632
37613233363330316566336135306232313933616362376230653064643833306639363965353865
30343761386137643730386563356665333535396662616535323537306238376166323561663539
3935
