$ANSIBLE_VAULT;1.1;AES256
65643961656431383962376339353037373636363937616565306362323431363335376133643262
3338366466306539316630616638633765643430343037660a383264343338393435356539323961
64356163626338666330316135633664353430396339613338376166643161323332643339376434
6563383937313262300a393964623737353865616362613163353432613231666439623562343934
62346233666363393831386234373066353038383664623262626237313838396363363736663736
37653338376266396365376361353664626137343836383630323562326464663635376137396362
62366532333938653235323764356563383563393365336466623465636536333964313065376131
64646630383130643937353236323936363739323733616566633035316233373862313762336566
36356335313539373363636662313065666466303739366265626636636163396264356536653631
36623437353264346136306563616632346462636466383635303431343233653035393834626566
31356130643931393930616530363039623136346332363462363734363964623334326632336164
39326532373266353239323339326530633263313939353331616136393835663130303931313937
39373862633934323035396136383332383661656136633733333931383830386364646138353236
34323264633739643630393338613266643234353165373632393765373263373963323432643261
63343466653233646461356235363032373938393938363164363663636637356166316131623130
30656634656632326438393261626133356632623433366232363364356539393532383531366537
61303136623561303766313662646433623133373831663832353038313636626364313265373561
66323666386165613639663130326535303333386239306166653639333966363733333262656366
31373131353438633839326337323837343265393132303839386363353936626430366637363066
62323137663566643666333063633464383732313461393231326238376466646439636333663237
36363039333861366537356364306436323538633066393338333937343835363765356630666434
32376232653832313239386237323066303962383537326537356364396530633535666630326366
34646339636635636236376635633664626339613432646432346638306139653936633235376435
33653530343164383566333861343235333663363635373735613836326637346463363661323035
37653738353334323264616338633034343835636537623066383939316566396664636238616366
61626536303537613763393362313933323166333831366665326532393131366232623062643362
63383666666534626132393237623635643038316265663563653066393531326236303261633933
61313735383666363132313137303837363062326164396462373337363864303132623732313838
32353936363539393364333039653932356665306164336464663966313437613930336564663933
31353433373263343237613264333261393265393734666661393661343265613135393634306238
38616533313535343366663134326435313533306261383936373435373562386339626438613139
32653639636232313930666132626138633362306432323863633136616634343832663638346630
63323536646462396638636133623839623864393063366530313030643333663034386631346234
39396239316138333862313531353438323038373734386536323736373965643361303231393831
39666533336332323863353138396161346464633434316134626236333538393932333030396661
65643463636539383166366636633133623864383265333635386432616163663838653466653966
38343265393238653633626266633764666137386130366633356438346563356537663265636364
38313561333530633730663732326430626338643534306265346463613533316537636631633765
63366331313162393363666530396137656662373465356665383865643739386262313162613163
35346465616435363032383161343236323935313538306433313065343238316164616461643266
36353461633631393565383865646139616666633436373261666261633635333161356139336362
36643533343933383162616362346161336235376332616430343031366239323133663261383939
63333736333862626563353063663332393238306138333138393439616439313266313037313362
30373038336435643836383964396161366133373836653634653434633761653432383965373231
37653564306334653030303536363230616239643064343132613262656433306461306462383466
61373964626661323435386133343332386134313635363536633833363265653239373062333133
39356231373162633937626262343162366366303531653766333961643764613833633031663037
39313137373734623564383462346231366336303161313562353130346438336137313039653534
66326663613636383637663232656363343034313132666365303733613037616561343030623765
38613739616235396630373031613464326635326239626633613837653666343238313739363531
63353739376161653433613831656339346136343363336132626663366163656563616166616631
33326437353063653736636638643036643636326338616462356465373664623534326165346631
31343763663732653563343137333965343538333539373939353662333261323339636361633763
34633831323736633561636132333734313339663938613863373532396538616530343836636232
39363831643939366339646439373135643162343434656132373562353333636665336136653236
66613030353162633964653439633539633930383930313739346332613763353431313064353065
66376566336334646338396266633564646135623961643437653536653531326338656437396438
33323930393535656438613262353661666130666234383961646364353065303836323733646261
61393237623734663031613731626363326433346464616137626533393664636132646664313231
63643939323330356437613063323030653134653435313432663935353562343632353638396430
39363764643739343264316632313035396366356334343134626339663763396139336564316637
62303936393732613831373362363365633765313565323639326466653830323233626464616139
36363138316531383063313537366566326561623037613339333132323433326665353733386266
63326534643664333539623964396162386362373036316266313833363836613262666539663265
33343731363465616632353665623965323661333763326335353762633861373834666535616238
32393364633337666361346663386436623761346230313839656133356530653831323532316562
35643661613831646239313663386630306361316136613034343631613131303236663566323661
38636235636661643930626361313564643233653432303337353734663061373837363931316237
65396231353562303861363462303431386132353135623665356239383861323235616534366463
31643637653930666334343932653537313438303762613832323761363566336138613662393262
37666166353035353062343962376261333138383137353331303236373033383064306133323564
66366533643632653534663135376261613431663936373030316561316630616631623061663332
37363431343863633233336263356365636562356237613263373536313866333437663563363339
34626663306433663535623731306563306466646231646133326337373034646462383664616631
63393065383038373063623036346233383264663365333130393333366566353963353430613538
33373630306462343934383636616632363162633037353562363234346663626164636239633435
61613063633935363665633961346165393932363030656631383361393766306163383666316662
37323464616634373132613261306136343063613061346162336436393532373737373132336230
30313537316464346236313963633833306565653839313030303264636133653332646632633639
61373262616334313264336461306137653831663636363565333333616236313363346430386132
31373232623366623363633764636363383463626164336665663463356135643362383932393861
39326537316661613437343939623234393830643530653063386635633032623665333237356332
64653937386533613031356264366336383961313430613362366239353664333265373266366666
33393734653866396665343139383565633337633062663336396237653632383364336663306265
35653862336533356238313435333662333137663032336234666462626135656633336532643764
31626539666232383434653630313538613931376532663533376463616662333835363461656338
62616362613366373034616136656665636262383162393234623465333434333366336539363963
30346535666263363935646636393633626366666364303830363361653364633230653230363231
37356439386639366362343634343366346134643933373763363234303866613235313639343433
66333763316336303236326230383664366539373933656266626662343865363863363639616166
66613937323961623934393836666463353065626536303364376533623762303461666135346362
65313063373035353434353334653834343033653163353239393137616436316630353737346435
66373039346264303131313236613736326432643866343537653164616535323331653761633330
63323234393365376264353865353166306633643432356563346238666132326436643161326630
32326166653061396536356631303234316462333033366539343662353233313361613132363438
32323066336430393231363336376466383130386238313534616365623465626431396531303436
36393265336432643566346634363533303861373364663964383561663164393039636336333138
39393365303730366364313337653730653563626437393131353366613165613031336538633839
61323239326363333665643131616334653535326237653038373035326634613261643565333534
66633935643236343661656166663866313838623262666363333566383465343339333862376638
38336161376234316663623137336637376163376331623036663437363538636464326230383461
61323930356433396264663661353933303561346135333365373165316138396164623035353831
33393961303065346439316337653630613231306661323265636338383565616338636236326332
34383139623439396331356666393434393634656634623236373234626537346131323131323037
39393033616134666232653937323336623761643263393834373734346562643762333533343966
36363736366365333432376162623535393131666163653737303965383335353636353531356263
64636665623265313461653866616631343139656438366332363234653061303836396166306161
65346137376665653235303663363531663333386361383361653765353036386261623561363739
32323266323835393731373834653462663436326436636434373964333537383665363539386465
32343266323433323838636637663133366630343638306564363730346366393038343566306466
31613462646362383633393230306363303165626235373866376638643861333166656264363634
34306130353536363839353362633635613835393439643637306431313233333561306166353730
35633432356531643364366139363530346462313761333462613631326335356235663939613361
64616635363935393561663665663932623830363633313461316464313965616163643133623733
61616639313464613838313832346465333537303464633836636465653238383965356133323961
33653465323064643734376365643033363938376563356362376338663463646563386261636535
37363962323864633761373261643538336638383362303865336264386438333034343131353537
39356239376530356534653634353134323435386137303836613832393631303033313037363761
32623163303231613365386366656335343138636132656261366237396432643139346234623632
39616431656334386539653765316664303833386464306466303862336436363632353166323438
31373731363265663337613266333439613336663435616665383930373961616637333362383761
37353362646562613465663865326339373165656530376165343330396237616331613231616266
62643261643464353963326230383364336432626164333366333731613634343666623963643564
36373036356432373033303161346163373237313363396164653463343164666261336335636566
30613133303937613363303336386634386434663538656164306332643466333066643963326535
64363761373735316266613666363335373333326431366633623166306535333265663465626331
61323330323762333335346638373338633966393065346431663563626161626232613866356330
62616365316133623564303332306236313263633962396434306131663038643832313132326664
36313232353862393239656530666663643937663362656164356366396263316637653266643933
66613930303538313739623761373561616631613462316663366638313861646532363930323530
30363633383664643262356365353565663266633662393763613332646663623931333739666161
37323638326262386434316532356633323834343932396636623033613035343737303239646463
66373739613565616338316531653936343331313162363836393563356430636434313138376638
62353737376432366530343832313362666636333939636463393034613231313934343065313434
36636139396664646561336264643831353031636438393932306234363739633234363365386332
36613233323737616430386138306334373533663931376130623965643232386661396238313662
33613263666363393839363833633565343439353634616536323164616230353436313139643237
30306437633064336539636131663663316432313565366233663136343130636132623165373738
39626630646264623365636535383165663539393236336333306636343331633839366234316236
33646365623738333966633532633939373334623334386236653165646464363739353430623763
33353666383261616238346633663732376565653663343165356661383836623161363335323638
66396437303537353238386437313063376633343865366665313764383631393433303331636162
33623130323966663264666362396536633161313432393636316638393964633038316438643133
38373931386639323762623938333663326533343935643637353433333333616662316562316164
38376236323530306435663937373734646633343538313037613135323266383065663665323865
36313361663830623231323238613035333362323163353839626137666463633535313138313236
66373235646635396336393330303262353932626130333139353338623164353931333266353865
62363733663662383465323631306663343565323439623032323236613132663930653038386232
32383139623238323033386262356331623232343864643838356263336535626566613135383631
31323937303165356338333162626330383862313734353565636635336566363731373166343066
61353962656331306430643862616165376631656332393739626362336430386133396332396539
30343630663664313137373863323566386539316131396333613362363631323531313536616134
62333539303262623331663335653838313534643736303166366330373962386530313538653061
66633565386232393730636566613736333432343831643363383165313764303139656133376331
38383334633430386137353837613461353338303261303936643330333337366363656639646461
38373365626538303534393436623662623836383733643664376465313665636461373362613536
66643435613235623961376637373763353664326336663535633263363232616536323235646132
61396636326263323761653539313331386134346337396231373037373134663865313064656263
64336566346662613535663333643039303733653363613131303765646536366161316261333866
39353236326533353563323731396337363065313864653233373837656134656563366131623361
64343530646233663330353735616161346138643563626166383832666164373363613764363064
35333261613836616638613337353461346237653761323666313130636138353566323132396461
37306130333735393737393831613165663736366565346664613939393666663933376232386334
38306533343936663965386535363064353139303163656638616163346565393130323765653161
62306337363933383264396235363335343661373338353733373461323836623138336664613165
64356238613036663838656163326161333635646635653633353936613866323664623633336232
30363739616531333262613862393662376536353466643639303763633162643736663866633066
39343562366530323361306262356361316666646132393532326665666330323564376362643066
30653132616362653961376639663561333534353930376234346533336562643737306537313062
39623566626262303562386162346239303432366563653036353433316133356234396634653032
62633339336363393466376332323562313237623338303961646465633132353338336361643935
61333537373232653532623234306162646636386264633632396465353232376265383336633764
38636161323938386562623434636662316439343064366565623238396130646238356633643930
62393033383062363461383363306638353933656566653962343339376130643738333938323132
63653062346235643066363462366661313063343034353038376135333761616332623438343434
36373965613632663363346231396165343062323032333032313062323163333134363333353935
35393363333330353964646433373763636536656263366138333165663364653364386539633837
63383530306266333338366362323866616533646438643730626435333165653230356535373535
63646233383935353961633261343231323234363332623339356266336664303035666235666664
39616231346439343935396631663733313430313633393365373763313330636532353131643963
33383138383661353866323733313662336233613234316366626362643564643662636563323265
62323236393766653331323238353966306333383362636136313231653462336132303561633838
35353837393362383739643437383631326139643366383164343965353037373031316334373663
62356363663361623232356136356433646665613231666631613961353163373166333563653130
30653933343864666537336335343039343965376337333839363937633137653132633239613266
36643237303934646535346535313338353436643462373262323337653035383237373461616438
34313832336233393264306665653533323736323839383064393163653631343136623231626563
37336637393164663935653439656134623933323639363037613633323337313433333537366532
34363063313033306331663433393536393032323330333266363232336463663136393633633439
61653562343834616365336230383965366430376563653531363838396535643536376330316133
39376663303439613861616662346661356566323665396332626136393066373530303236643961
64313232396262343532323138623962653632656164626164393730323361623230323364356434
62356663356365373266323433326434663463326264373066623336386664633733643665386365
31363334306532353866643937626164376664663432626338353036306338343865613830316462
38613931343330353330383032366338643234323431326561393966356432313031306339363666
65623064373532663963623561613136333736333937383365306439373834373062333566363635
61653063376437393938353931636233366166373132356339336230643262663733396262313537
39313434663232326230373131646566613661343732383664633033336633636536316139383465
61333637356337623066653061333034313136346466326363613836626331646131636230396365
33383335313530373135323631373932373634366633383334313837373462366333303533643833
32363166626665303162663834633932646433346339366663303435313534643434633338313734
32306163336233373339323765313732633030303361393139373235366161313333396537376136
39373035393533646236303939373264353837366163646338396337343736386262653835383465
39613336346532653333613334366137643236303063386337313366363331653731386463633364
63656535383466353739653639666234306433363536663536316265623865333836316462653533
34356561626463633063366136666130323938366239323935633164663435613833656433653865
66373161663130663165363135636166323337356435303332646237346366643334366162393339
39646633383933343033626533373430636233613033356235663134353834333731343263613634
65636633373964333036306330613039356661373537653263616665356335656163623637623266
62313634663238313863343138313263646235393434636530323161663035636133383331333439
30353963653732623238333939333462623562613338353266656239363037633338666138393334
31336634303836633334346563393164383464316564353636616535666263346463363538333537
34383736633566356634393432663634326438383534626437636136373835353466323638643336
35323462626362626133656330316639333832633530333839643466303562623031333036616638
37343364386536633262353931636334366265313935303966633332363136646363353735343639
63643661653830643338656230303330343037333137653936383132386531366332346665653738
30626263313265363762663062643030623439363732323533643865633364633038
