$ANSIBLE_VAULT;1.1;AES256
65336137316466623762353532393933303830333165356433383564616266316332393663636331
3838306264313739316439363234393361623233313531640a353337303965353539366233623931
35343266366361353031636365306234653337366430353331343861393764316263313365373466
3365323364616137340a393639353662323665633661646338643261623832333533393462616661
66353566356236373535366338333231383034313066353532636161383339323639663664313832
39363161656361383263613164393139656132633230636138373631663662643035653239313036
36343132356233383665353863366431366363666436633531633734306434653465333333353930
35356538393534396163636339316431616235656239383137333637616361396663383061353834
64373664633765303564626532303031666536303266373161393737623334616663613439393434
66353363306630396436363863363531663532616664323936373563633366393035343732363263
63636462303162396239353232616661333530373762376566333431626239343135386436303336
34303935306435333036616637336665366462303139383039316562306363303863336465313139
65306532316438316437343864383539643234346430613562366261356632386539346330663061
35653162353038616331646232636461616133383666643031376433633431616530643037373061
33366331306238663661633538616630626465323136396137336138316132353938666462636334
39383364376638613035643033643037366433643965636161616437643130616163373564316234
62656138326666656335323039633435316661303133373734633436656462396539396465303564
34323332353430633330393231343330303838666638656439393335646331316530366430386165
32653935636131336634383535373664623239376333383738303634613831336239613434643034
66316130386237356430643439353761303464336136386461316530363439333361643265376561
61636636616338343032373335303631333236633236303430343934613936303137313937326134
34366566356238663639376166663930383434313936373634303161383134303138616662343464
33623330636161396539366436623733643931316663393565643663646137376365346561393737
33333863663533396263383437343034613536623263343134376465363233333339616637373737
30383333343638303464393034366163373836366639373630333838313062326664303162303138
36613535376331383130633262356666316436366634333837613966643565393830393737303739
66303637336439636130383333636137393531343339316630653139323563393431356234613163
65643764626331666239393066663063643939636437623934356535326434333437396138333465
34313861313837386631333433623436646462336331396663306537333766646131383532383138
66373830303535366165313533333337333336386364383731623735653834373338303333613464
31623330643235653930323963613731316535363738353066666435333864366436633364623133
65633966626230383033313133643765343363323265643835633164393433303431643530306439
36636565326134383634663634346265643630363135356164623430643536613365656265363130
37633464623234343832616130396632363861643462343466386466346537396634366565316562
33326635363336333664336262396165663937373435363339393563313730383430636565373435
34373032633834353536313966393564623964383263366664353236643333613564373239303536
39656536376236323136656230633136303866623963366662656538333662346338626239616432
31323739653833376539623737613035386336383336306339623265313964316536313731623832
33306333373839303733366565353735323539383661323338643131663135393734626163323165
32666533333265386632333335313231316661346436336232633936343531613866393736656434
64636363343566393563626263386566383533646239306261373034666664353236366337313632
61353838363935633936316634333030656139633661613465393262386239333939303933613965
61643535336636353865643236393238316165623130336439653438623035356364616130383266
37343765383066343233613265646564336430653631326566336539636266663637346632653130
63356637333866323930653737303066643331356161313263313362613861636236316634386539
37333238383638373163633835316663376633363332356463613231636335366138663162323565
32313433656665643139356237623136613130626261643962646239393336353561643262323831
33386435636432633665393530646362343137336134333539623766323431353861633061646538
63336338623865643231386461653532353062366538313863306463613037616566356261633037
35376466626237643333303630393135326366306161623162616363393436333431613939323362
63393532656262616662653430356461346334343563313239393239663935373863633263613138
35333030393130363763363637376537303761666437303231383732323530633637663536373830
37373163333863383436346564363066626530343631656235626233353530323032363031353064
37643866623235326133636333303434346337653063343734353232316365363433613864626233
35393361663033396664333739616563656334366239373237313132346131613665633763303136
65373062313264386334613938623035363062363538633632396236376634626565366630316336
62343461663436643861643766303762366638383666326630666662336462636137306232633963
63323939386663343566343839656534343032386331313234386238663835666161316330383933
30646463366163353563353735343761343133303538383530323261393035633361336630666536
66366464616561376462316362343032316539336138356438626535656236326532626564313433
31346436336131363266366533656336653664323465303239313664333637353732656562333432
30333933656562303533356566646265346135623135643031616536323932333964383562376438
38323533313734323335383163343634353334626361663962633564326233643430363836376634
33313838646136363932306663323532313531646164386638613764313535373139626532356631
37333866373538336433363561383632643137376363353732333164643363356434323833343930
63643937653738363538393333363837316633343639623961356235613332636131653262323862
63656162326263396430366437613330653561633333396465643636373935323434663335663636
32633962646537613164383366313833353537383535303864383138343930346364636335643264
61323934613165383332323766316638303834356531363462636265333562366165363036383332
61643839343966343165343866623165623864383035613663643663343865613439666435663361
32636665326262643132306433663536303339333462396235653933326435616366323831393530
65363733366637303435343164393632326131366437396532616563396534363633373561366635
36613637633862613533623835363337653533373063623534393339366562393335616132636666
63373831323039303964373366616262353731623861363330323639376431383336303434666634
33363034303261376364323465616238353336366466383233666130636239343861626631633932
38343435386664336432393564306566333333366366613332306234636233643462643835393231
31376561303162383166616234333033656262633438363632306562616365626565643831326532
37393864616435376362653361613836376236343539343433306665393136323135643162326465
64636337633836613037643635303532373031326332316131303466653964613733383035323933
37303163313439323734333463323031653237306330623765333366663538366135306261343039
61643635616261663263333236393132303530393134316637383639386364353238326534363063
30316531333731343434396463666130663138613131326433353561666133653635323833343233
34366364613831353066356263366132326663366639306230346465633431366238313035333263
66333661306362346366656633653863333366653135353561333533616462626466373765633365
65633131656230316239323662356234616636633839316238393534356665653436313765323463
65646461326534616365386237613038326439633865326137303236373036326134613630643239
64343361663461363430616538303337363031376233386530346439376161663830616537643466
66353839653738363065353766353161343462633132636564383637386463383665326264306534
34303431336531383037326264343361303831333333623364363438343364336539346534613938
64313039646639393262646131313064353133316165323431346534393364366234303961356537
62313862353533643231316338393862396561396632303032373338653933356566646232303164
36666438356331626431333634626539306131346564663634613239376563616462383336346561
36346166306438373234303130396266663662303564393630333634386231356235356338346539
30366231383031346532373332396530633332616264326665393436646261646566373866363332
33633738343337353530616337353864336365306135363533653032383032626262646536303263
39656632373835633134373032313135333463333234396336376230363462623437323564613033
32366563626366383031386638653936346139343132363261343366386663343939623038626663
30366637383136653237386638306635643130326434613065633431613865353935616339643433
34373035646462663966396631376163313364333435316163386338663334643764393531326162
63623033353038373166373336303936313536636666356564323532643661653265376263653535
63643963616266616366626462356332613932393237383935323264373633336139303037646535
63633865353963653666633732643236313934366235343333613036393338313466306461333038
30343131386232313336386262653963366132353431616162636638653865376536323763666433
66306264633030633863326232326432343138623333343835633135613963373534346238396265
33396662646639326333373565663139333563616362343539316137353861383932623665373130
62303934626139373537656561346162306631376638303039376135303039643232353266633930
30393931366361363638653366633833303732316631353562633638653638313737643963653035
65626361303837396139656538363362313037383237316136633434303966316266396631393466
34663938376566613333306366363464373335623164343465623064303166326132313565636339
34333864623339313064636136656336663064343939633630376137666336363261383666646438
34373364333161316433643138346236326165373465313862393035316165303535626138356165
66643465316333633330326362386566393566623838363738313364663232343738663330386230
32333661316636393938636132626465636530343766373432633736636364346537326364373064
34653233383130633131373464666638353238383138326538663664616165393135376132616532
65316264643837386137376530613539393465643462313133616536643366316338323638303732
30356261623030306535343066326636646464626436396238656166313262373637376431306231
30643537383538303835306231613836393530353764666662636562623663393834626364303363
62646539303632363361323466616262373435656665346132336232616638383831626161353539
38383161313030356638343833376463646165646134626236363963623230373737663762646532
63636436393330306662666437376261613139613963643865623236613738646261303232396430
37383162356536386561363930623564306164363032656633363332656661396231313362343235
32386363663166383338643137336266663665333163666463613363363666326331396531353039
35316139353230663838366133626534316563363734663234626464626232626462326635363330
30363330643038383061626665383031613834666364656634616638653830643931636338613861
30633932346336333530616436313566383537393036666265653631313763363238386665393136
33636365333761366161386332326238376338653337323738643863383765333263356666616131
62636265313662326233373562333135666231626633623266303966313235316431383836373038
61313761666565626636656262343536336439633536623939383238633631636662323062346662
39316633346561303362363636313636373062663539626363633938643030613130396234643032
66643038636664373130646436633637616135383530653139303762333333633162653038633963
35643632303237343763373932393832626630643766623961366462616165316637643236653466
30663434666363373638373731343039653465643465373636316666383966323930346530663532
32326435393733643136353562363131333866356236323933623031346363366339363734346235
62363162306335306464336336323564336539626166666431326432616539336437663061373764
30636236666431623561333761353236393566346262656562343763343065643930313531346132
64666566626562633039353936326531393837323339663235383330633465623134383866353362
35346334376663663839616631653536326438303435336564373666336536343831303365313565
63363935613332636166346264653531363530323739663530633839343664326361636366306361
62613734363561656234633662666165376132343134643365376338303966303139306132373636
62353130323034316665313230383937643536633165343465346233643263656537316163376332
64306463623861386338613937363261336332613463623837336331643136323063633633663064
35336537643339323633346138336461633762396261643962393931313133313932303035643036
66373635656361663030336336643836383061613762326633623730316136623261633866666561
32636130663062663431336363346232616334363130616364623737626461313530373864653838
37396538626435623363303130623139323033393165626366336365646662393366306630353731
64343165646636303134376431343064623264333161623536393932353662336334326537313461
32613166626462396533633735353934313831383733383738346362383036663838313739616665
33316230343562323138376635353730343636666136623563633065613463316435303337626432
36663839633165616533373866386133323832653032386431373861623464326164393735356631
63623833336633363238376434393637623263353030663738623636666163313762373335383962
62396564386332633439656266393634366233656561313966383265396165316131613363373432
34356563356161636363363234396238353464643761653135366662343332363136663538333934
37336530343762663566656435666230386335633638623437376639626630336261643437386664
66643639653331353637303637363135323266656630323564646433626337306261636563656466
32306130383836383064643633643739356361653939663531373132393030366465323831633362
38373262663964343764653039383138363766326534313635363530336236353835623336646438
63663332363837353262613835393034313330663666396333346361653034613637633163353139
38306437313664633830343231333931313466373965353862656630386165333063396534336235
39623738343663313631633832313137353962323964386533306334363662626163616537383761
31343236313266633438666433343266373865653365626364653763316361653036613936323736
62363931666439333430353661313739616363326566653134353536643839313265373461666231
62363331346430663036313139353335346236633063646630336134656261383133383661623362
64383935626164336565366137316265623537663731393038313835633037636431383562646434
36386266383265343336653130666638306363306261393435356662653130633263633837616536
30346633653238623435353539333137653065306430656433643739656261356239356266646265
65323630633863383633633266356438373865663733663235386463373035333239303636636533
65386363643864383432653331613861666461396130363464666233616230623837303063386639
32366233386461623562376139346561336361336436636362363738663337663631356363396139
34316239616235336638653330316365646539333564393532316161303434666233646364313135
61626635326664633661306231386630316663316161333035623765313839303463343166343465
38313235666666393762363562346265656661653239616465626637353438313532653137393437
63323633383164306236633338323463353033303363383364346633623134346130323739613337
30323766393130613533323436623535366533393138313331643638636136313739306235376331
34393630363063663361393634346564633366613961393631373162623930373164663539353661
61316664653138353139653637633630376136636337656465623531366531373735636231383061
34396538313339636334616339366433306161613734356237353732353930616365363363386166
34333434646639633638613238323661633337653366646237353736313436616666333765653436
64333731363436656438613764623334646363383961343638396333316234396335663763323936
65626466663533643062653361396635333035343731626665333532633639396533623962646338
39663734653538333133313530313964376133306531376565363337353165326362656365613562
61303765623139376233376236383064363238666436656266366436373134306262313538383539
62393564343639396564356362336230306538326361366339396263376135626231313966303738
31613135303966386663663538366263333439656366336364386136336661323137313164636132
39663831373138646363323135333037313562646461366663666131376562626439646362323630
30613863393862393738323831363862623632613263656636336161376638383237396434656561
31653837613036353264396165633234343366623432373763363031323738653533336337306638
38313739663363363662343965646236343963643736303563643135613632626163653233383761
36393364383635313835323663646661376436343237383938323636616364343931396564376434
66303361306661626238653566373430373537313966303330386533353035646530303537396139
35343536303663633161373734323364643363376439333065383433326366323762653435356562
37336433386538313865633433376566373962653232323464306639303832643061303866346633
66383665613864353764646138646638306139383636343039653066316334343462303732633231
30643561336533323766643539343730633831666539373633653261316336636632396634653130
38336633633436663932333564663061343638383835326431356430623061623639653333373763
65393263656137636237383731373866343937306333373433633665316163613035306639386565
65613532653638623534633036373333613637636137326464383035666137383530386137663239
66663439623436626161363236626534383265356564333132613063323131393463333335353732
66366532346364393564633531383464333134333930313361373734623235356264613765396238
31626137636535336462363231363562393931346137653738626162316634366565363636363866
63316134376335393661306363663135663763333435656563656636616264366436343734323132
33376335643433313232353734346162666236623733626538363963343964326539616138386336
39383836383730653238663237636134353565393130303330636638663635396232343433643038
38623565306530356264353538356261383334383038326634363733336537623835613064323132
63623434653434653631316339383538383837333333636464333936623465633736633365666632
32666536363161633737396137653638633639346135633734636335383963366562633737343633
63666361393539373836346232656463626137376339346238633233623836643432303632333832
64356539386438633361343939343263626331356231363138363665656430343837303738393539
65396635353035373838623530633332613335343637646232646636633436343637303165313938
31346265333166626165643230663230353761353032316139336263653263343233653532353435
62306538616337316437363664306139313239643133393463626365643063343662316263373732
33383336393037393634626334353733616661626332393335663337323132623335326565616165
31626530663232326630646336386632313834643665663631653935303331623561663863353065
34616437386236373833656333323263353139316564343533656665313165326234393437326561
37356135656530323965633566346165373433323933646337336432386636306332316565353636
32316134376333363135373266613739633536336466643936646531383430633733316566323664
30343463666231306438613636666630363061646537333738376333306435633433396461366237
35336534343038616364666164343966663032326163633830616161666639303064
