$ANSIBLE_VAULT;1.1;AES256
64656339383038343530343063383530376130316330383031663162333637636635313562636162
3732386461393931626161666634383862363262323338650a353661363266313631323535656465
65356465363339316235343734333833386132383064356665353837343535396164303331636464
3063363766393239310a346362623166326135333832343363623932373639316563303562366163
35633632623533353661346538656661636238336565653238313933313738353865313639323530
34656561663039623430383866366130633035353162663536373133323237613233313032626562
64663036613234373430313230363563303137336663393033633232663132623334623566306661
39363538626339333837313866356134383339653836663533386161623433643463663936336439
37613139646364653861366364616331323133386364663364663162633039633233653666343161
62323463363334633234643937653839643431373666383232386532383739336333343835366434
30323435366134643865306234643738353138316438646135643763333236376364626431613136
66646535666332333061643938346635353463633635633565653130313062633232323561313838
63386533353536393034366466316635376635643863333466633265386164383634373536376166
62386264316136663030353063373838616634346362333131313365373737626132333633653366
30663862363866623565633664323334303066653238623633336635363137623333303662323266
39333463323864363939623339353062316363656336383431383032323966616332323038643666
39633534373862623538303865666233656233663634663162623434396635383135626231333833
33323961656233623163386138333061373065643261643732626261376439323935633763353265
38623239663864383131643639653535363737303261353462353036306565306336353935396139
64333634373462376234646432376365393434333464616565393239316462616232386232656365
63326139623961343934616264626532323133383136376234386166366561353266323433356438
63626564333331646462373330383964376239373561313236623462363339636239666431386636
36666538393465326565613935626132376366363235343135663366383032653832643630313837
30636239346531626134303833653361653961323033356435396665653338643563316635336139
38373566383637386464666365366130373564303933346136636365653236643062623662383737
64353338633635353462316634373666363532383438646163393163393237623434383639323235
39333965616133383337653063356264323665353235316137376531383466646261396563383861
64373230366664623135353366356463396539626362636361383366653564643863653030363638
34303262393338623231316333333661623563313962663761626262366161373465333139313466
33353231326631396639363366323632393265396462636637336132633962636661346561643437
30363936633338393033383838353861313636386564313239656531653738363535616135393235
62633264623663643937643366363238346461373031616535646439373162373766333238373137
64626437633562653361303635316265333266313235613738626236336661386261383236616261
30653964336336633064646361373464356638383966643462356232313330326439313130353933
39663763663139376135633066323737323935346166653034336333643437613830336461373730
64623063323063386432373831313066666634353039653634356364353166376336373731373762
64316566366439323833656137306635323762663765316333393333663962643530623030666663
35643137303064366339656437623863616262646136366166393432323230313834306531323835
30326637636638303535316330366261356136613066326439373765323434353461323139343633
63656165306536366236623733613233393434386266303937656462636633643266386363633266
34666162346635303666383331386361303761303634313465343239376663653938316161653162
61303731353737306238373633626335653434663138633661346137616531623265306330383332
31343166626432303633363463343963616165613266326334623632613063393161343737383864
61303837323132633465616637663532333263653665663830386161393835643561626134303831
31353631663537316536616631646633383162346532636631643433356234366433656363333565
30316231313633353265633564646565653762306531616338346634336638386134343733336262
66366634663139356635626231333134613635653432363036663438353438333061356634383231
65383035383963633730623264653961306336626566376238373739633539313632636439653662
30636238623631633035303732393534363864363836313062643330336136336162323530653834
64326334303139383933323132653065613064306339383437393964663665343464303137393338
61393162393266643636353461373631393138373539363337636262643532306561666530653865
33396630386437633736313130383565666137383730366237323731346638636662393034386637
65313165383230316437656135613134663836363431616237376238613964656435393830636233
33386433316637366466626634366439653833666438376337366533636162313739653061306537
33643038393139343836636138633062313164646261336636643735646637353736346536656535
65373661666234313061393065323864643934373636346135363331643133326231383833363464
65353961326233393761366332663035393863633764623830656332636436393131353330353435
64633832343030363437643532633839646539343139343662363530326637353336613562343236
64356166373535613961393265393035333934326662636564343137393634343339386139643638
63373266376237363766613265343730613039613235306438643730633736636534343133343666
37383437323762356431353238316530363564613731613365623436623464626239373539383834
35313738653932366663363266393064313061366137366439613036336437386337616336623235
38326263643632633466636665346532316232313064393564666464623162363535633466643831
31393238356135303165613337333233376239316562303665323865396663616430393565626563
36383536393631343766396662316134373538613832616333303935643432393765643630313236
34653661353564303237303833343230313364303931643262373031633837323663356339653137
37343432393730373063353165333237326639613363656166663065643363373534396330643761
38386161323435633035313839336534653232656365643965616333383665343235623662353664
31393830653231363163323438663935356436333637366630613633323961643462663866353831
30636136666238363839366437646630356266376137353330356534353763366631666666643365
64316162643661616163373130313733303130343762633132643736383434383732333630393736
36353630336461333566326361376266646363633865323930313933313136306430616630643765
38663266666436316132613133663633383366383662356362316439386637626632623236353434
61323733306534373136653739613139346561643132333239643262383134663362616531393366
36383333363636643738333031656330393131303666663236333736313130333066393630333739
61346565353534633935323636396135613237373665646462313539313230386334393366663734
35316634313665323038313631616334383265653361326362353534373434333534356136663037
32333131636333316564666335303839376464363035373761326531366536313833366163343461
30666535633035346633663436376639636138363433386134666464373133323737363633623835
34633263336266346662333765326432303734623338636464653737373763643766376130383465
65616637623139363961653361663833393965326635623463653936383335393862636532343064
38333963326231646163346236373762346563393564333231653930363331303838346239383166
37353131373863623464343633383362373461303665313137323234653932376538343362626331
36663365386539373837633734366131613838616336643461636532613638336265363032663939
62396266616263386563656335366531363839333263616562316566656233363064343132356132
62366535373566383737336131633637353839663263306462383231343762393437626166326332
39326264393836396635643565303936613839643064666636346133616264643364316437363936
64663666383439376262316632623963336138393632323662613864626135396539386535643661
37363438666666343832666563373330653962616630376138613264333062346432336661303365
39646465373038306131623230386664656238356432646434383464636266333266323233303765
36396133313362616537623566376531633836653937663036616231343739616437326161323363
36353731363732636664316634326131656466646564643464326534653934663430353230373432
66363466336432616139313662313965376163633932366130626266323566366533393934653339
34346132656238636563383535346331626566353361626233636332356637663436343337353464
62636462353835653164346533643330363536306663626531613633653665323635653130376238
33643961353266363233613566353039303931613965363161303561393834386161393866373763
65666334373233663632323034626432626632313132613065316331343237633538313537666638
64623133323935363238613066336662353865653961323838313930643631386236326162623539
39633734633534663430643463653438626433303337343963363361333632363539366638616133
31353531643037623733376166643737393337663864323263373566356235636433666166393163
62303735393430663166626665613730626338343638333231306137613266623034336130386138
66613966373832656536396437616433346437613665663561666334313835363365346563613833
31336362613963316162663264346362393230326138396362623661613730656337643465653164
30326161373565393636643134613661383261306131633962323239356466633064643763626464
33663234663631623739653262613337643735313735346338396665626235353939393936643739
61333635323639316561393130363635356637323638626239353431656465646262326134303933
62653537396138656438326262376431393061666436326166643962346263373934646537666666
66623365623239396637323333616638386631303261383238646235643531333935663333613162
37363363353636663534376235343162396464333162653032663337656439393933333065653638
37623563333261323963396361393731366631383134346665663739656266383363393266613662
62623836396630356237343639373365623239376364623736363237623262363639666134336337
66353865643838313263346565613438373539636537356465303863353739353431386431633865
37613366303239633138316461306664343836383732323066633130343930396336613437313762
31373138353831383936623861373264393239356232666336646437343530333061656430386134
35383362616335303738633661633031333835386633626630343864303839626434303065666466
36623463326130316265623034626264323133663839626532626366303334343563633162613238
65343839363936646163336336643062653938376665663939313265393433346330653930383838
37666163656333353937623538393338316336313861633633373332343361643233653164363732
37376330663064393132663561646164636633336135343063323436613132306363616365323439
32386431376432636665373337303863636134316565633765663437313565313436373466323261
66663265656262313538393461376264623561393366346434346465396131313735333239323334
38663537616337383366616163343562326633366636346137316163343030343061373466643362
36376461376639313765333663636135386630336462626538323137663634623565663639333034
61343761666163646164373634323836666165306132303330323737623230666465363732383461
30633365393562343061643137306530326561643439323064326263363261376464356432346666
37303265613836323361373064626235363161383536393632353066626466353335396164373132
65633833656431353233656231656338303763366338393739656531303932323735303630386465
62643766373237653339653063666565633562653734663865626266613064616339663132313832
38336664616234636339623733303538316531333362313537663466623065343361653033306333
39653737646233613466643332613232623939646565636439633462306130363237326139323632
38373137623837373236373231646638343435616431626664373066306333363132363436376138
65383065353964623232356666653862316163343736633537373262356438386330663532646137
35373635366466663562636533643832313738353161646365633663326662303434386561343730
33313138316537383763666130353166343065663136646135353762643830306335336332373836
34613031356162363561346334336537626535363066333034303864343737333230356666323564
64313336373262306439623132336362386134333262383035366137313434363966633732316236
62323339666434386362353136396433326163643235626135383762616430366339376537356464
30376330393934363465356166333534663663356431356532306331623135346266623962383166
62626131666663396335353434333364313634656332303337636630633938313032643032616530
36306333623962303434343536656264393635613438336635383261303731396362323036616333
31363262373231303036373161346634646636396233623139343239656437363730336439373737
35313736303361363062353830396261356239613261656163343530303835653934326135353861
33303732623266326430363139613230613631353038343964313130313364633863626662623566
65663063653433333231393161323230646463356462623432663161333036613865343037323732
64616131626666636561613031623061653566313539366438356635333531636636386562383962
61653832343234653438316631346433303462643837363732636263626232383562356463623065
36636436346530313665646163346162373063326231343862633731386338333261623766356537
63333065326531326437656261373361303935373338666538363864663334653837656635643532
36613163656133303964616332313732333737396136663066323962363062666437336539626363
32346266393061613062353261376662643164623431393030613462306163316331656135636362
39356663646638613438633838623139376139346234653537393564646139373237643066393662
61646361313866396635303831373864313136633633636338623331656133626464636332656137
65643636363163323034633362613331666138366431323064616339633739646364666265616365
64383965306562393061343266323964393430336338663939333562353230326363633662373730
64336662656264393634353138363566323237353761663362323435343832653932623536633534
62373164663935313937303166636135323562363662666466333533636132633433396330393339
66663635323232383230396432313835343666663965636331386165646261346330303330663836
65353431373961373334326265663035616161373265343030363030613165336264623331656238
39336661633966346464653461303131306638616464313465313563323630366639323066353565
65376561336639633665396263666563316436343838303937303765653961616136346234653737
33356637363338663662386434316563336532623665656564666630306164653539346562636562
34303234343666666263323163653066323135633137383864616165326339386338336266373435
36643466363962666261656362616266636331356135643462306335646165656665386265313565
30626361383862333631313930393335313830303231396230616436313832353737396663333065
30613336353535363036643363643233333530326539653137313761633764336465373733306537
63313532363934636561356337303531643632356638386637636335376434363664336465383561
33633665646534636634623762366365613432313737373935376238336130323034643039653136
34363137346232353237353233613233646463643364393265393463306565376434666531363939
65393762363838336361343566353465633437373465363830316635653330373433636165643363
34323563393533366536623264386465353536623166336135633361333461343261393832343532
65626130623934656363306266656337373366346238636563336234383535643164363765383362
38396265653034306262653463663361636161663466373734323032373937643832316137646231
36653438393061376230663234643234326336343339306436636634363931626439626430643165
62373964313462363534663739383237366534313431303661396231653163383430353866333033
66393866663734336664303031353636366463383833313938643966636138356261366437656636
36386165393630323333333963313338323865613135303665306463636563653236353361396262
36663539663737366336323833313863656661653632343235393631646562363031616536373836
62313761663663323531326139356265626436313563303465643631373938656335386335323261
63323033626532323832333562306662386538663866393363326637353762376366373131353661
62313563353562393130663139633336663765633536663761363631333934333331346434653065
33643563616336373639313938313034326238613461323766633736356634316364666466386131
33323130613866303962363166633535333863613438363234653863373534346261323432663465
37343865633635653634653835336338343339353165623538313430333333336366363738393263
66363161666433333565613162303366346330356237306335306466613464623638656362643432
65666338303666636238613530363936616464333764363039306633653163363765626261323839
39356230366130623433633532306532383832376230653233643462373333663762326233376663
39383737613530356331613034626537643463336333623466656535376336626261653162343130
37343730393838373530663461376664336331313235323662303261393539336230663164323334
61636363613033303131386635323237343632386230373733356132326363653066373230386334
65396138313532303963363538343233396230373733346535376131356664646238633134316564
66323039383466376231333061663862363335633761303762623930336439373761333934666435
30633234626465656662306334653536336663346562356632623066346539356135373034363536
61373863323733626261613539353163633031346234396636653835326530353766653036626337
39313063363638616262353161623634666437373635666264363638636161393061303062663562
37333635623965393431633435613963333039373064326236303463646439323032623964383932
61656635666539363064633538303263336530666631323138383830383865353661303338313737
65313138356331363737353565313965303936316263663932393366326339333033343430366336
62396635356238313163356136393131333430373261616232336638366638626636346631336435
39653832303739316462666266393862343165366161643832376632386438366262623466306631
64393136316634613837386263666536353636373966316233636230656565306331626534393032
64333932343232316361383936376130666439326465353838646632626630613661666431373033
64633766383362393866386339383632396662396362396633316265643539613932306465656666
32363136636535363032343332333237636364613262613538373462643536396266313862636561
63356263383035623635656363623639383861303738323935383935356232336331313661343433
38363765353837646638313631303933323666316137396266633531316236363531366263616630
64653933373465336135303163373365633733323663626566343035663736616166636366663130
37393064636362643233616436646561313232643333663661656633366632383837333165303863
66333235306666306632666333383362393136363330303738303761376364366561623437646139
66306464363430306536366662383631373164306233343730393034386661623662653065643236
37383738376632373734396631626631663463343633633436383965323036636464653361653634
39326436363263363765636664653633633132646164346638393739313536393164333633643331
33386531663538346561666139306361343330333633343734353932386436343762663734653133
32333538343034366462623362636136613962646536663265343238396138626436373838353562
61616463656132613739393631656231366533346533623637383764333563383664653462373232
62656539343562656630613866313663646262323534666330306336663364386536333330623030
32633732353131653334383037316262333666383330316233356634386663666534656135636565
38653461663765373539646337356561363233343032373362346235303562363165
