$ANSIBLE_VAULT;1.1;AES256
64383663363761353834653161623862336235323164613737376336376664313964343838623132
6165313063313663386661646434373934326337373035330a353534376565363036623262336339
38653137663963343563336636633035613733323231336236366633663433393433373136373566
3431373837653463370a653062323832653363646564346361663435303565393333353030356235
39313331313461663565343138373966383732383235313664616531613631313231313437373961
33323633616237653537333838663738323239653463323130356363306235376166666337333066
31326665393835636565303333346135666230333333386335346330353430343630366666313037
35383436643139323365343765313263356462346461376461323565326230333534363964313133
36313039373038386330373961633430383562363561643763366535626633363436636330393435
33393936383536333438376235636236326533376565613837376438396235613836356565613531
61306465323837616330363131393066653435363161386630653838653265636431643634326333
37623930636637626539666564306530313232396536386539313936373739656233373839366237
36363231633739366139373933613361616631616462316261346138643330633331663562646164
34643430346264366438336164383165303464336433613131316663396366343739376162653161
65393531326436313934633036376263666263656336363736346434636639353032306236386138
32393832313036353737616662333761383966636263616437326162333932313465366336323034
39326134633432383337376664363638633965663566386230376462393837323738353566333939
34633064316234656232373165646530373634393134303632373434333033313932396430333765
63336262303361366462373762313232346332303832663230363466643334663338356261356231
66316630393733363264653531313039353762353663623966366137393063393335356166653061
61313762363165316132306665306466326566653731303536633261363261666566356137656137
36333964633863633062633931633035666266356533636530656139616634306438636634343163
63646261386332363931616662323936396439616638366231343363333762316530373033383034
32383135373639626366653636326162303761313230313630336465323363303536626164633563
38346532653138323864353935363063666632393331303835653330666231323332316538653564
64323235653432663464303563393735373237663362616265313566323132313937326663396466
39353366383036633839326533333962323330323236373165663935383537633866373665663430
39313065643835336536316562633637653431343639313238623962333166396362653961313337
34373339633834653330326666353365643164643139653461653439396264623830363434393463
33303833613139393366613933346463386332393262393132306361343162633966303939613637
38333334616165636136643130333431366134373462366433636238393166346263393264393131
39663265313734616533616563333634633265663632653337343231393530376231653664616635
62346635343939376539626665653730313461633033663237636366626434353639646437653939
39646633633834323031663032356265656436656562373066336638333765616564303833616638
37313961653861663132333638666138333962353031386363333935646136623838353364653061
61366165656639363834373964306538383965303066336362313235613335373365653630666362
32366366316436623430303261666238643234393161623466376337383666343632633638303862
37373133366433653235626433643938356565626433623465653466376639376466653939363266
37313764643732663935646437356638616361393762363239393734663033326164376561373562
33313063613439356532653761353966666335613864343936656235316138396632343138613234
65366661613534323830643333376361653233336233373635623637666361653563323261633834
64373165376237303061393461373038646465373463373130316561653663386432616338386230
66623337303739643864366330633334383863626530336262393835336534376233623463626136
30666639306139343134323631306135386139333962653564636430666362316532383932376664
66656435383038313161393833643861353835373561316636383565323439303866633464366439
61616565643838343831363537323364313564613233383238343638323238613164383936396563
33356430326237656264316133366362653131373334343561323832343538353262366238666462
31623939396462623539613436383137373539623933383237336163643763626362313464666563
63333136393138383635623931646439373838363733643739373961633836336638656135613230
32326565323563373232326238363836616436663163373438373232376631666239313137613733
36316639616536376263313966353634363339656564303366373865313666613061656337626265
63656132393933313462313063616332326163323438326139353333316438373631306263366337
66626632653636613534356332386430343563613436656561613864616133386364376333383339
62623131326133393066303133656133656665326261343638313663663666383934313532343965
30336263383735313866643032353466313262336166613463333965656632343262376138653930
38303564346632346638333463316631656165613864326365363161626364643934373834326365
62333538623838306662323232363337613235316639653638323634633137623238363732653431
62653732373633653134653762336264343961666266613531353766306461313139626462626434
30646563393236663766363336633762666639333165326634646464343835343263613265396438
36616138373265666233366166333733343863613963643839626264376231643064333962303533
65373939383165303136346435376537623333643865643732306536383466336361343030623134
65613464646334383636643631653766303061386437633161636165303336386266303436616135
61396261393264303737313330346139663862396361653837396139636532383838616565643031
31643739633135396633383963373766386635653966623435323266363062663632313663646338
36376130373937323262383566386234663230613964396566653336316566316262323438366132
39643931633631336363323063346166633564643937383332363239613737646432323463343937
36336461363030363731646263646566373938663763633334323762383831636463646534643434
31366637333266633532373261383062323332616331313962343033386633316634653438383066
39643561666261383732383537653930366632653337633232333762353263373238643035356464
38626235316631333465333866626162363832643630646239376336343238356162363335623436
65386163393531663433623665366664303439643936353165613564363534626239383963626163
39333364343166383163373935336366653636306362316265653263346331643236386632386234
39316335333338653533616361373461636666343132653863653062613832623361323363623861
64326263393466613836353138313865363333623161366436393562346266336333323666376261
66666466616461626532643630376166623631393365623362396361346631633839353361623962
30663634343335663539613833353035353836653735663437316436333633376332643464646135
36313537396530303334646537663263346433616434393464356136343563316361333435613666
32313339346135643665643063646232346139386537663035313766363534623366623239373435
62653835306565643063613962306365373934333038343265353238313761303435383861326237
30333164663164316334393263636461323637333534323832353730363738393962376266373735
62613663666164383861653865356435373965336337393131336464323638643938333434343936
63643638343665393439663339653938346534656637326662653439333062633337633261356337
39653861343066636562633836336438373561656363366464626135623862333831373737313233
31393165396165373738393261306336623030326239633534613033636535326165386130396636
33363964616262656566303232623337333938656536376163333436666330373863663162643839
37346637356230636333303237643261636262616565386639613730316335346337653664613732
63336463613664633030366663346338326639636639303733613336393131386365316430616339
33326537643561623266623334623330333762643034666463373235633036653263323562653833
30623937613432633033323366613236356563396538346430333263363331313334333163373734
61316436366339313732343633633731383263643637633564396663313435393765346332303665
65336137653630633261653736666466366264366232653931376134306434373032653132346365
39386235393236326363313639306236346433313664623636363936643437336531313062376262
35643630633063343033643639356632396439333936346237363031663662353463633334326236
66623864373165656530323365336165633239393439383539636635366537383538373763643361
61346630396337656462313234383536353236326365383935353462393036396139616435393939
39316365353763666631666339363063643761316632313935653230346631613964343532313833
64663263366265663630303634613537393063313566643034616631333062313537613538636535
36646333366130616439386534666364646435356464623266386534616163343362623066306232
39643661636565303466666234366330396130346564333033663033386631383236653138396637
36333737653830343365623835353431666337363663376333323962663630626262303537336537
66353664353966336331303839323761383466343866616566616263636639623263353063623432
64643230393138366565633938393532623839393766383866366334393464323965323734363062
33353332393832326538393664663233633066336137633562386638663864323066333239313065
32653061313766623334376136653535653833396464336230613536313437313336373565306432
61373035383531323761363663666433323737623935623531313235653064643764386337343236
32653962396462386362643164366563393336303863356231343561353966623938326461633562
32386537633466663831346166636537633037653562353935393765646536306662376237353133
35643766396132623439353962376434656232356135653266343538613037353137336331313862
32653066376234386333663939623339643961376139326134303136653261613937343363643639
63373439623238323663306332343035303232366334366662373331666163636139336537323935
30303035333933663532316665343234316532646665636139323233373639636434343536356636
37393737623363363334663362303235623161356261313065393437323762343836316438666363
39613237353134616339633838633939666462643664313533376166646632653736376261313336
33376334323131643464343262323636373639356339373533376636656336616132393831633931
61653037383864623866613332306465656430663364383138393030393630613336356233303663
37303532373337386665323831313032653033356437613637653138633865313331613134653732
65333530356631396334336365646233663330306364643233666161396539626632303864343839
66326538653231346636346638383335363338366630643361363662646230636437383432343661
35643437393938616163316466373438653832646632393661626165353063393935666166316237
34366139376637343264353361626635316164343234626331613261323734356164393064666130
61643234333732396634666264663661666535393365306666633837343530646436383332316266
33666330663037383732636235336635656634613663333364363062613336663262636338346439
38653232326364653962643565616533636239306138666330666665353863376564613332363238
64643437363634326239363531616338333039366661616265383861303336346163303530646632
37356234643239663233306531343533613231643835363039656630363366663836316565646136
39383962646533373563343437353763393831393165666465626637333933353334623538306437
64663839653161366237363566663363373163343432303834363635333761653436393537353865
36663933623936653136366364326635326265623163343764303666393433303966306366633034
63303862343930383838383836366364373461623562666166333762613765643130666330643666
65623662303036646165623737373361656666613237363466366232393230623163363035363965
36346535666636343765336138663935343062643265353064663039376630343365363433346531
65343330343935336438333137323032616661643931656664323832376665353261636237356335
39653834386266393038386239313035353062643533326438636431626130666564653939666638
32336338623261623462633438333864333235373631363466373335343237623435333563393137
34656435613266373730356663333462336536383935323963346332316264383662366232336533
37623930306532363561363164663166343165303836633335313233313934613665303462393732
64326639393939383834313833303433636138643538626432393634363264386133306339306631
38613731356435316563383331653330643761643466616432316634366536356539323163313830
66326364343038376161363366613565653734343866343033323038393937646639383465303632
34333330363734353661356334323662333266623039613233343938313661376533643437353362
66393731353334616635373164373239373138386262643763383861376138626365613930316661
31656130313534333636316332393130663866623630383533396435366132366164393963383232
63353235636461366230376463393862336162323065666433626134333366353962633732356266
37303935343133633538353136333637353738653537373662643264326230643435363433386339
62633230333630393835396433346139376130323961636566346239613837396133353266623539
65393639613833623930383363353634663733363330383564616463383465333436343739323236
30333066353537613630313039663530303033666538633034643164343039613035626535323565
35393335383265376539303766363536356663393239346163313839633565316165343665323739
32376534366335396634656436393834636263386230646631383861363239646232353934373131
66656436663439656662303639376163343934363234373733666366613532656465663065663333
37376132353139356338646633313734356537626138663335383337623730356334343662383861
66333439363262376563643162613866393564343434663565333834366265623230393465346637
62356364316430376432323430656263383563613230626566373730653632646261303230316434
31646262653837363464363932333030396139373335336132633766323566376565396538643736
39323562346633323131623031653361653838316639333637376130356265613464613636656366
38366638303739623961656138373135373030343631623661326666386434636136623963313235
32386133633366633235633161303935353237346361326230376366643366373062366666373864
33376266636134356337336637336535636663663433396365623262373831346332373339306135
33343761643235316265653538363363323665633965653466663534643238386533636338663263
64353331313836333635323866306636326335363262376131373036666233306165303365353531
39383566336132393861333066383937396363643834376538396565303565313432343031633733
39386663663436393336376164323439386236313337646562393862363561623264353237666133
35356461633766393438336165623061616235616262336166343663356436393137373661376665
62376234333939623831303939336365363233396163323434333362613866326631313863356564
34626530386432333662623165373235336431646365383165633232313062333864616131353362
36633839636630613266623538393664383735393836366435363333646262323461323862313261
32336562313138333232623734616136333762636535396636316233373532333366623235663734
61323631323261333338393730336534386136663837346132333434393663376566316236613638
66346430336534343934373161326135633963386461376133333164326661616162636464643161
62386335303261633030393335626265383832383231653232333366623166356234386562373732
30346364393939656530343332663163663231626131636531653730303965663430383262373831
65363337383435663262343261633638643435643333363063633534623230333065656664366430
38363662663339626466633662313935363131326132633330376138643436643065366637363136
39313864353236353330653534396330393936303739393037303938373665616636386266653038
65633364666666343631323864326265383931666164333862653336343636303333616433643435
64316364373466313862333232383730666533303065393734666361343730646238393365636663
65316533393839353530316161376665306632643839346363663866323933333533626366323331
31386664333139366463623165613763313937313733366230306632633966623237633162616139
64643966326532323336343439646632626135633761313662313635363531306237313761613934
36383666353531393862666263636433613930343537656334613663653434343162346635646331
61396630356232333361376166373662306139656134643237303566656438373461333339373538
37306263373264613730316636383333386464316531633066616165306333353934393664383332
31316333383463643666323061633630613833613739306630343264323330386563666533356135
66333535383039303237323363336337346633393938326235653661313430653466613664343362
33666463616530633737306164653434393866643866396164376438363435336463393464326430
39393235393465613838656361303636363431643430313131343462663964623765663133396564
63323862333462303065656539613365333738653732313833386334393166636332396334396664
61333038633063393139303036346638326162366563346630646464313765383734616133313839
63343361623230613364643139333565656166663134313730656135386131336262356266306430
34626237383931396264373866383561326266333135666136373931366433313234616431633135
35343666643062616662363862663435383063623762636638396339626435373462646363353437
34353037353438316536663035343564623338353964333832363161346633633137623733336437
39313033666161616566633933373031376361353938316636636262613035623063373432623238
34343131363863393934353137346139623131643562326230376336626166343038316234323832
66623238633835356164346161303865373237643337383836393839353736333133353637303231
36343263383431333939633230373237303365643666326163633661303066393162353264363633
32653138376663636530623038353232656337346163653162323961623736363961613966363834
61616334636232366161623437356433336161636531336263313064353266313832306562643462
30346237356663336230343866383738666534383239303937646533666561393733363131383366
64393466336537353266376661326331366166333035386636663562346538623233643537323064
36333165353837656166663566623435386563363537636331613034666335653436633164343538
33653434313734623036346139306362356335333030333637656266633833623362373761353366
30356237393437613938363235343535323534336333666431353539393731653138366633396463
31333336636436323630316162333862616130396539343765363435363835393364303433383631
37386362323232346466316636306433643062666538613766666235393336633366363236653566
65313232336435306530336532653838666430626233356331643165383066323732663461366664
39616235393936363239356236663937306161346261306366303162333461353330323163613332
30643061643461386331333731396434323732393433656463396131323035616532616363656164
65643639336634393734366335646336646262633035316139623739623338363138333162303833
32613335353837653536636561636162306561623839313636646332306165613362613734396461
33386337633933303936306563633161666361333436353835613638343364633763316635656336
36373331613664393736353237303338333365323661313036623231393235363035623933353963
61663434663234636630626637386165353636353263306461663462663032616536373734643666
64346633663837646530623633386238636231393531633861636264666166626437653461363933
65613734336361623931326266663761313037633662663066663539336662653361373733636663
63373831623665666632343333613661386164613835623439396266333161316632326366636136
32366634653362666365366538386636333338363665616434366431643962316332
