$ANSIBLE_VAULT;1.1;AES256
39323461313039643266316339303462623762613566363663623866633165326630316139306664
3332376164656433323834623634383637613939646339370a636430366666333930333030386164
64313538396139363737616439383831623535623266393135366163633664343037333564323031
3665396538376562310a636133643962316461303465643631633465383431656261333263386331
30376237343838346233613636333463633937393365373366326336363333613964636665626534
30343130393932303831616436623132306437346238643633323132653930613734626661393232
61623934326531646238393166343531326139643633346166373764633066626239306436383431
66363135303830646661623535373531326636306131623230343364623166336366656165323163
66306365306533663134386134656465353835313264613162666234613936303235366138666235
39376134366237633663643661633435666566306265393431666564353865343238383532306133
64633631396263616233643236333961383333636430363433376561346336613161303364633133
31613662383535356664643333303363336539363639323730383161383830353965616664366139
30346536663462336430323234363135633432353330363235386166353636376663333836336332
66393061636130383538393638623838636663616533666331336266393264313739393639656433
65363266666166363035316230373766333864353737353362613337643137353634393061363532
34623937306136643163353737343139613939363630663833396266373264303430363233373438
33643739353164353739353065353439383837366161373765303339663638306333373665343434
33393465623837636364306434653239643865363235343736623536633133363038373239643664
38336235306662376562373761366437303237356232353134643461636137343065633934333233
31316164303536653137386565333033303761363661346432303863393835646661313934333532
37356636393466346661353264663165613636343737353562653934386262376539363538346563
66633533396461613739663931373665383264313739346363613337326138363031363437343866
32333163393933653831613731363361383437363930653539306535306162653432363939623162
63623237376435383034336164383930626335656161326636353765383362613031393831616163
62663461383366336161653431623734363132623437633061383365393832663335643032316462
38653562346237666235663038343430323835346434616534653561313966623137366533396635
34643932306666636238316132356236343363323133313634643631633336303234653837343932
62633563323661366164316335666632323161326633616365373964316164363931386534646661
38663736326566383831323563376365623331383639333366626364616537633937616636313238
66636239363363653331303931383331656564316564613537353366326435316539633461323239
39336565356535323639353265363330396265656335346166396165616464616162643030633062
62373565376166666362623434613961623637303037643931663461343834616634653962666265
62656361313734643938643162343561656265643636613836336135393237626639333633363737
30656636383764356130656664626162656465346332613631656338613066666566623532613638
62633862336136363263343539636264613166666136386264336335666266363139326133333039
63643139303238393238306535643839616438333739396562366466616261616230323962366336
66373434623035316565353066383238366263613233393863363963303537613061393262313962
37366436623635383766633732333230346232643863623066376363363637663130373538656331
31366665653965346266623832646362323833623139366335303131353134316164656232653331
62333239353561633633643839333363626432353062336465366566393164646565613064313533
64326630616632636132636434653036313333326664643935346538373731393965626464306435
30316530333931636362663538393237643033386137633766613730383664393636373932313865
30373866386232383633653061366266303830333561336239363837616365343862373732383763
33336239623839363132663363313838303637386431626562323338636430393336623233363863
62613337616136313632653363653934313261623734386264643562366439353566353638363064
66306237653432373364333033336362616539366134383164326361656433373432386433616634
35663533356331633931343639393839616463393934316233366339323735636564323830393362
61636162626534646630303066323161363939616231373931323335626432343937326136646165
38653963643362343334633566343633336161636134323030326130323061353833376133336632
37613937636336356632643463363562626166613239323663623464653931626534386561643835
32363739616533643136373365383434366231616233326663383461363263616164666564613134
35356234323536333537343631636461626631386139303939323462653962393138653461643934
33326266393664323430396633613863383965653337346463666336636336353232326463363365
30346237393732343065336165313530316239373865366235653363626139333232663531613938
33376139653639303765333865383063633265613833303036306338313335396332663830623539
31333638646534633864343136356631666662656338393432656639393362393237653836613364
32333762383931386433323839643634636336316361323038636430666365613835656434616662
32346563386333353362313263383961653430373965343031623566386436383339663463386266
63366637373963386237633131663265363762396331636438313464393363383363343636303738
38343834343730313562653537343536333161613330383733313238633134613365656437376162
38393265306565323965353864646461363963383164396463626465376363373062666465616339
62346436663035333463613966366165663533376266333532343766353133366130353834383232
62323239303437386664363430303264336431303065613830653961336462656233356566383239
35353535326538336134366435373735633239343231366662303663383265313333636533353664
39323637396462396432366531386435613431643635386334323738366665663234323336306365
35386562393935623932383135616438393064383334386335393661376538333137623865653336
34333461643965363930616435323661633234643136613734313566303161343966393534313834
63636335666564616236396566393164336463623633383437386531396337643435376135353733
61653633343832336338623232373065653633386232616239666239616437633965643964666266
39633832326161386363343532386263313230613666383337346535613738303138363265353239
34326232353863306631613430623638316337366632663931616234613433383861613038373261
36396334646635373434623665643762363133306234666632323638623138623033653231363737
35666166373061353534326635303264353738656230396639613432393732393064393532393862
63653734326234623431303263303266343638656336633166616433356664623966373030333862
34656231353736313833353161386531383033366265616636653166346535386432353364323162
66396262633964663261323130373130373535356666363165623132326561623864333731353233
39303735623234636636353431333732356565346264636235636138313563356239343235626238
32633661636336363534363838363739646430313937636437643834656439646137303965653064
30633537373265363932616638346532663838343865303237353031303735663565333031373063
66366638383232326132333030333065616233366664396438386164303432636639373163303066
31306464613466306439376433356234386537383635663630626331346664323834646332356135
64613338656161383532363962353863643537373263356538316435653531323533333664656266
61653032353633383331613030326330356161306665326334333536633966343231333039323739
64356535613161626331316230383538646636626233356237383962353461623830376632363364
66646238393834343961366138623863323935376637316335633038376666343362346664343031
62356137343034386138646433386133323837623735326136653039303233336432623930613464
64376438383362653262653463333933303664376634656166376136653230666663333738313633
31303330323264663162613164623233386335336365316337316532653031386535303565343030
37373364633132663338656631353337643765383235626632623936356337633932336661653430
39326565616363323763336665396632613862633831653332343162346661353735336633333461
62343463373132633562333638386530656665666639623765383734633535383364333762326161
62666138363134396161346433323638616330326336363434323133343831343365666435663762
31343966353936356261326336313262306634323962376339363861303233396330383237313936
37646138353266386130363433663865346366323730663961383565376638653537393835643766
66393461656562646538386163663564373734663734393139363731316133353262343765366162
63646662303763376236366137353036313730373837633435393337653962643636663064353733
61643333376135303439653965363432363963646137393261616139373739356461353933633338
66313263613065336635313836636664313161343865653563656535653664633133346236383435
36613361363139313666666533616164316464623965336261366630366663646533366361396266
63386165346639383662316265633762323465323432346438623166616364363336303163623839
36323339373532636135396337393636353264643261613661323836343064306439613765666533
65366537363966366665613235363330383538363565323965616135656335663364356235636665
33616634633063373738353333663035613138326134333635376436613036386366336437386666
62333331643664353062343963313430396463656163313538343634333065646230313666313036
38353233633534353830633665363630363732376465666162393131303966363266343035633432
33623132393831373031356335396332353832613664326361386535363064646130323934383132
34643465663862306231653731623965306332323364386336623562633931663735393364633934
63623762356531383962343933396234666232343937383937313133383032656562333238343865
31346561303662316365303939383461396561646135373265636336633166313462366438643064
36393533316262656335643262313931623634633564656336316365383333663136343531636431
34663166633030343132623461643636323836616461323338346337626630363936366464383964
30383331623230343131636336616464393935376566363161353363373133396663373566653130
62313464316466623132623333653930666430613136353434386538326431363236623965656231
37626665343539616238313564663737396333616336646632363134663438326664613236626538
39363230376633393831666535623863363262666439356166336431326336303764613966326661
62323165633431666262633862373665643966646631396661636630613939353636663138386462
33653066363065663062306339383864363630616231636638656132333730333438613064333863
62316166353331353931653063626532306437383632353134623665653865616139306461643064
62356433326432303030306165616439663432343733346530363839393536376565313533336336
64633936366266633736353861383438303363643038633634313838356666333638353437643265
65323966366332376561303431313039333539343663313962396433656534626366306333323139
64316663353631646433643063663263636562333737623664376330393335363163303431396630
37366566343132646662646263386266373936393535636465366237643136336438623430383566
34613332623964323461313633313562386466663531373538353563306633376433623331653334
32636562343136393130346632323263393062633930663266333237373638636339306232326161
33666433623038623832313463376465353231633533613865333262616236646539326266616666
30633137303465653763323165326261663163633663383235376566643638356632636338393663
62316164626435363861396432303332386333643263376566373736656531336266386636326338
35626531666435333237356635666239356163326635623831363338303334653230303935356237
62363161663430346533326631316365343563313262393835666165653361393434313861356438
34323937613134323434303836396530376162356562626564626430316337383035643166313764
38306565313331383230306530333766646438306362626663376432303935393661316561616663
65366265323064393964363335356530653537343730336563633535343062356432646465666631
63636665613661303130616561356662303262343038653334396337346662363132336237623962
66376261643039383562343964666132666363346533366665653439663039396538616466363862
35653535633636313238336330306662656564346561333366303735613561626330636430306465
63613661393865393666316464656238663237613335623330396465623237343831376366376161
34303063393635366233663830636535623831353633646639643635616433373431346664306532
62613737333863333239373265353931663631643861656337383136616134383034396564646335
63313762636337653264613861303463646439626332373531646239663530616362353835373931
32393865623463326234393863363335326363376166633337613934383265396631396236643330
35643731656533316661366531386432633534333933303338643566353239353036643066626662
61316431646162323362383838323132313064346430666163353935643736633636343539373364
62386263656361396566616531366432613639343331326662656462633937366264626632643365
65316331396233333631343335383434323637646364653164666535663762353436303664636530
39353935363033356533366564383662303533373736373264336539326664336330333730373339
61646637333131386364646162366635376131356535383433633265643031353835393030393766
30343238636161646666336566623639643235343934316132376239666331373536656362666163
33303734623761373661396535643235363439646335306562313364623734653833643236393132
35363566613331306362306538646666376335666263643562363830363861633766396531326438
31626165393437656536633735323437306263343335313564306264653234633234346236613231
61633032353237653132333031333865326630376432663766363461653762643439633964363638
63333237326461336662373361656132623666623363626563353233386532396431383234363962
37303164663031386339363132306662633265383338383565306466313235663635666534363337
65373365616366323861323232653263613733613835366663363865356432386131626361393764
32363735383134633065373737316233303664323363336664303166383864623863323539643035
30366362643636656437373730393466656662636138326130326264623664663532373034633633
37653435393637666237613933343133383834336236333363366165366365333864303932393730
34363336306539626437633432623732656630623762353766353632356663386639623035303134
62636636343833373837373537396139613665313530613462383937353064333463373665343561
33366330393633336339353437326434306261643930396136663065666665313436313163343138
37636136313433306662396661363865336438316662313535613236383761306137636338336163
39356435333732663437643365646630323064386633356163376139376430653762646266613232
30303237623661623831626265626462333762386366663061396431336165656633663264353039
33643664353662633261303236316639636534623230656632636137616661626438393866366237
37613362316266623934373633643036316363346131656366363531326263333338666239383963
62633762323030626237343833636135646564336339343330353034326361353630373662313730
33333262613762356137396630343233323733356335366634386532346366663463336638373934
63316337383237346137336334613766613338663465326232356165666663633733343231636132
37356437313536313766636332623263376261663234316166646434623033326337356435656436
65383033313165333133633238353664623266633866373965626539326533323965666433313135
35393132653038373136363964333332323538616266393937333636393062386237613231363866
37613433363536613231316166613763656238333731636133663661333365663736313030653761
65656363326165633337623633323064346331646230636661333962376137643133663861656365
33393631613137356362356331393330386337653662643032663736386432366663646532353031
38303562663937386131323333323731633865393634396661353931623166363437613665383937
33663932633932366139346430346531363631636439616266643263636633666166383338313466
65316137373062343265663330376361383239303962666633383531303132626435303664353264
34613032336533313838333331356364323365386337336366343165636263383433383061363532
35626563616535656631383035393832326230393034646565333931643462623666646532356236
32616638633266613731396564316664353266633434316662636339653033626335323465323335
65633035396239386335393362346534313365653762383939336338366433363134663365653239
66366464363763623730366563666332336638613461643731393664343063383365386564336138
33353162326132333562666535616563613334373564663533336531346132613632393464323163
31363731306165633032393838613832373236386136616563633437393665663236306164386464
62636132623730313362633939376634333439353936633932306331393865333732343966636337
65336330323033363838363830333738343663643738653939353332376535623136633939343938
31353262353530646136656339386235653766326164336266646536353466363365656462643538
31656665376336616661353131333261396135363565646632643332376532393936343162326234
61383032313134333037316631663764633230636664666165366631343935313931373333363238
61663061656161363665333732366562353239363135656533626136663762663837393961353839
61623132336662366434363762353634343539336439666662366661623564346638396232646162
63306263313566363763643733373338373532303230653263626132336161333962396636323532
32383166303866386563313736613137353630653532633031383530356266333363636135653237
64393137613664313262393138613866333865386635343866323863336631383437386639646231
31333937633062643339643339633866333738623639326462393239333363613933643334336637
63653065353537396633363436393937623734383933303439636566666532663130363066343238
66616238613037356234616664393337306562643866326334636632613362326137633139383535
38313966363330663164376163643530646531393837323531343436316539646438366234353632
31646562376633306165333238633766376235363534323264356463326636623533303434313161
37323139303230363563353564616464353731376261396362663739646636393063303066636130
32613466383334383031646161326531313062396162326136316532623165643563373736376362
66316662666632383334636165363839373564623461323163353765613032333863313139386366
64343939623463366234316435306431333635623839356533373836353764306166663163343834
36643966653039613638383839313336303638353562306263666134326565343362303036313339
63316263336539376230666131356530396333363730633434373661623131333931643631303736
36616266376637333464636364653337393965326638396131353864373666636239643837623765
38383336353035316164626662323637353761333534383963616138613639353963663232386630
35333630306230396661653134306334386161363765613566663866363637353230376362363739
33656162636462653366303230366661383033656134303365653935633436653163356436376132
38353735633936313835333335663231386565363962663530346331323262316633313137643662
63363330366561363031623666356663313863313731366530613732656630336532396562316439
35643837353363613033633630333864613063316434656262633138363432636130323538323338
35356631376334643034316664313866383534616462323961633937303336653162663039333539
32656233666539363866616361303164346662333162316634383132633339353532616533316164
64383837386363333233653737376131623066373661393062356432613935393331396561323863
61383366656261373264336130633265376339333133373930313238333065643831
