$ANSIBLE_VAULT;1.1;AES256
30623233366335643532623765396261306465323236336461346233613234616435356532343263
6462376162373264386337653061353761343638666339370a343766326534663430373466306139
35613263323562663134363635313963336535353333346237303336393335366639373662306434
3530663631633233380a396531383961343536643963663062666661333439613661316234643661
62333161303039666139626435333938653434383435396632353530633263623764303434393734
62386638396162386635366432643465316334653263653166363635316563623966323830306166
64383862643933643861376462643738663264363735353135326436376336613032373538633036
32396166313565313466363161613361343965613861366265393531633530336662613936373037
65616332633636323536373635366535393035336333313732656239616330363738323239656135
63326338323830653935636339363064326464646564663131303032616266386235636636306433
34376434316336356433303131643634323937613936386463613962633133396161666330653763
32366636393762363766663966346133663938656164643030663433666162663234366431623431
36363864663366366563306536613064383962663833353962656231343937353036653532666665
30616662323563643831303236656466303531333563613264333534323638623330613831356363
36343366653432643363333162396664643634633435373732636133646362653361393937333133
38303536306431313431663362366332396134396631636566313338633136373765363133376564
33373133346232326237343562656337626133326663383565656163653035306239323261373538
36316637363232333236393366653337353764646263393036356462393736633766633436643231
34386665303332343565336465656437663231333937616238316665623965303962613364363462
37316639306263336632326531663539303932313838646661656364333363363436613566626562
63626564303263393637313862666564303033326430613430313338313065343633626133343031
64316462353563313363643739666563646439303837623138613765653934613733393437393430
36373461383936336238336432346638623730303563666537343433646335356539653633393861
30386131343234653332343930336235613131623364323635646262386431313363353262346535
66626365303463323137663038663231383838663663363363663066616530353632356532366139
37643335393662613764366666313336343436383139323166616438636435663939323436396265
66326561323132353034623232636233616633636335636138626137653932643066303166646238
38393862663537656238313035333539656538363865336462643238633736633538303634343432
33313865333239386131393065383934306634616330636136613865326330393764633437303364
34346339393162393336613366666639636136663464386133373137613635306432393863613836
35383035316165633830343662656539636430616661356332383461303139616239656537313435
62343566346565386463353833303338653437333563353565633462613732363634396632613561
64303137623233623735363336313839386539623061316535613662306333303832353036616336
65656633383562613532623636383666313761636539396531373837396639363562633662623664
37633164633634613332336637333439353732623962663631633036333437393862353530393861
30373837653838306262623366316461386366366136653435313036333537636363323530313662
32363834656464643831653732633133356463356232353763313531356336323763366162323235
37663832303233646564383331643737613664376165306264313061343965363465626136326136
36316135663663333532353834373232666434623437633363353139313331616463633239323931
65366238353339313136393739636463376162343237653936316539363963363139646661633639
61366633656637366464366639663030653332363461653230373034666366336461623763653366
66616636613163393731383562343234336166613764383964373230393935393063633033653535
34333134633061623562623065633732643431646664303162666166393335333663313365623661
30626435646562333937333663663062326333326566323833336636616231616161323739353065
64363236383037333961363865623038313637666636303035386161613830363138333833383135
65383166336465613136663465623562633563386265333462316261356566323937303932303038
64653561303133303262663931303633356233316638303366613434353365636430373239303634
30623337613836613736643866343933636337393731383530326437346337363233663337356133
38623162653032633333386137383535653034323663313065386265653037323639343864306634
38333431643664643630653533663365656138383964623631373235316639353862326561323235
35633365636465363039343732353264323566353466653932653034396166623735313462396162
37626561653734356234316633613863613537363663656535326366306532333462666163333163
35316138306439313539366432343935386666643336653130333530316630653238613430623162
30663930363136666131333937613335376337663137333339376562616263303038623762633834
31656563396632636430396366323333313734306131623030656563393961303436386639376664
34616461653661656564333339373135646634353331356365643234376436343563616635333038
61653263663862623461363664363237653966336364653064656165633534623263313130313966
35333236613036643730333839343464396665343661616166373738323938363264353163303665
37623035326266323032373032353963633530303836373231363232623166616435323436393534
35343365326565396239363234613931626531333931643138316461343164323036356235653132
66363134363464636162383066643136653034663336336264303038643932346137643633353833
30623732313961303265626165383030663432366139386235306634643038616538616164306261
30333063373965326132663738356362313631386563343736646331646436656436343861313331
33323365633735376134386634316331303137323365656237376433323930346331323066393034
64353335613334633362393162306562636466643938333864643036633266383234373537656638
66666561376234396433376665313135656166373061383366363162373139393830366437303933
33613963333734633964333364353961303961383062373939656635323839343839376336316434
61343630383434623861386461313664636266343765326562333566646437623138633231626466
37613261643631366466346539306661633736343730326163623437616634333139343966383264
65656134353030323734346662393932646664613863393332646135613439333333383665316233
34356430633733303239353739363835353237316535326637363137366662303536306465663337
64613262626534623162366237336439323265633766383431653032316638323735323664363033
63396466643732356663323735386133623861616238386333383238366232666466626330663730
62343665363038336132663234346661303232383836393637646362376236623932383435353164
65326435643437653239646434656466626538386538383838663139616638363964363365383535
62656461363834313735393564616461306364383937643166636161386332393364343238653566
37643630303437633332333362336535633132613061373834313763653661323136666335323466
61343136336230656264393937646261346532386239613533656466623062633365303261616261
66633962396466383836613165346365623564616430346163613239633166366534666465643763
61383438663065663438303361333466396636646166663465383937663961663962663638626337
37333564306165313363316663373761363562313866633232356333343731323233626234653766
33626236373164623039313464336535356366663335616264353139393862393763646165353062
63393634613536303238326461666134333036366334623138333163366463383535316462383134
35636566306632326136303734303166616664303234623630333132303066323763366334636263
36336661636131643737656262663031393338633065303330656433656664646235353434626232
32613432386537633738333130303936373330326534613362306466643964386161316163323462
31326437343833646538356365363231353331323439656139313430666132313735346237343032
33653465646536326130646566356331326131633432656536376133353538643031303637663364
61313533613764366434613339633233643738303635363735383539373438613963353931313463
62313334353233633838623366393365383131383066366664356230343032333234396336313861
34303438393763303236613335626166373731346337623962303166346661306662316637343862
63313362373162646262383732326638336135333662653666366634313135623939393964663763
34626531366232313761666162373230663634333265656661363864616561656431366535616165
63303638346636633934343530313534393135373534653566306333333438663134646363396664
39373866313364663666383430343332343337646338303132336431643432303534626235646633
31643136396166343737366633333639303431346663316361663661396666333862633533356463
63333431626265633333653761343334323632323663383439313839653234633632363734643733
34636136663164623633623137306639613435333164636237623732363963643566666336663062
31373231393335366639613661363139323761363935363638376433316338313433616430613638
62346230663131613337356133336438343733363664663331616433393236326339323736396261
61663164656233333831373463333965666435653131653262306635336134326162623462356362
64336262643666303232383235636665306532343333303237353432346432356166303431613362
39393163383632633063633132323263316635323861346631333235376165376630366665303731
65383835633132663166313932346534633730303937633066626665653862363165323261396564
34613637343065376235646365613262326237636563383136323637656633613135666635313435
63386237353631343965366362386236616339353863373262333833343566656465316630653533
38383837653535383034353835653838303763616663666262363531653434636633353433343130
66356235343465303263393938633562313439633333613937333039613934643435326430363632
32616437313831613832623863353163663134656363303137646138636335353530643030323331
64613637656231616237386664313135626163386663353962353635656537336463383634393463
62356264393234613334353862653830383364336232306563653236333935383831656139643439
65393032643261336232623431666463333138356439333831383061306135393432383265646464
31376338666630393262373564626431353435613933343539626532306638333733376131326663
32626536303032366534633965636136663938323438333663313139363630636138383232373465
33653333663334623135393062613036656361663836353036653862643163346562663231616238
32626534323162323062666666633132323562363231383165666238363936383863343764616230
33373731363030623164373134343033333564363233636533656464666533376430313732646335
33393364633735366439366333613465656363663930306332393862366665396233336130376432
39353461643363353264356431613836373833656165336265333933633565633966376533313361
61656666643563316662366530656638626532393866396461383337363666326461366161373439
38393537653436383933383265343964336337343530666164333437393664383735313564353362
62383536306130336164626164303430333038343139326266303861346561616363633132636538
64396133316131646439396363343166326335626135323730633531376432616634616165653331
32393236386466633439316138623161343339323134383337363533666536336463623131356636
33376661396436326336653463353139666230373837316539333861366631346238393763373565
32396636653862336464343363326630326339356437343639363261663533343162383662323934
33616330383733353362393934376235343064336634613836323662303365353534383338643666
30613966393161613739313964333536376436313730636533383533663562346661306339383532
39653065333232393134396635366662346666343232353262633830366564663261346631336262
35323637356465333163613466313537373436623935643363636639393064396462643338306361
36393666343031333234346630643666643838643031323261333661376363306566393239333932
34323266383931636438356138306162356238313337613763343631396130383230353939353435
35646166356237336164313334346233363962613634656632616333373133363134633536353530
39366634616339386364373364303037363733396535363736626566616430633337643765313965
37356666353038313361316537356562623962346130616431333965656661303533336138346231
31623761383831633466623834373834653965323739323565613661613333376230636237613834
65393935363439323837643463653765313464376461323262303832653537366133616639323135
66333931326430323266333462623265636562323764663539323063623665653231383264326266
37363233366134326439376462633265306565323630356533343533653033323039323266343530
61353834333366613833623032646638643630316530343832366234666337313534323732613839
36633365383136363834373232633133346361623234333034383431376238303233653933366664
30656439333462373330303338346532653436333861663038303037643133643565393866393934
61343930613662353131643039396361323664386231303431363834323666386166333732333532
64333931323535663132643238633236336236333764386438666339363863383866653935666533
32616166616535333034373035326331363231333939373936366436636163646330636536623064
61336464393833323163356135323733613035666362323637306131653533396339363131616637
33386630323162323638663430623933353937363963623438646134613262383865303364633466
33666566376463626366623434373137666266666239366261333331323762636562326231336330
66376464623064336365363961626162656333303138323065666462653634663066316234373838
63303962336361613932363834666331306633326234383837366130306334336238353561313066
30376635346332376466613164343061343462306536366630323462666263663832323433633061
66333235306136623433333339303161346638343537326663336434363634656135666461363735
34636431363536343234393839316639366334323931663733303766393530613266386435393135
39336438633864383733623237326166656531333361666366303162623031333236316161663964
33623133386631336631393937316532393432333539343139346465356534656563396464333031
64393632366432383433373365626638316166663864613433346164643831326361316439373233
66366366353435373534643161386631353966353438613364326139396163306565323135313461
30373439363838313637646166623531653935656562303037393631653562373133376332623037
63323738373666373839663631366136653163336362303737623338323732646430353932346436
32666631663632323338306631353338653336353063613630306230633466613861633363323065
39656438383862316339393839623961643266343438393930376634373031303638326136656131
64353435363430626461363361636461336534383465313934396139353335343564323931333738
65643266383961666135353763333064373532653261613236383631613961626465626136356166
35616266386636376532313339333735363536616336386639366434656534626262393465383631
61323931336466396334333432376131323035663834373838386231313637333261353063613337
63643230306161633330363833653835386564363735646363386566366437373433386462643364
62393963393462313836623734613237613735333436633731393766353437633062383131376634
64326162323636366563643464376630353333613430336332653936653038366234316261323337
31316332323738376437383139386435396161306331643965313136373032383862383030303465
31323639386435323033356134666665653966393036623161616335626432666161663535316431
66626134636339343261386530373631343964303832646261353866613939616437376233383832
35333034333863633634613535663539383765333261386162356161666537653335323234643937
37383935336461646166303565366439353661363737353236656462643861386137626465356633
62646564363863663338336333666637383638306466623436306335663439653564386231373461
64306365313661333562396236313539316436643362616638623032613736383634383466386539
63356430366438356461636337623933356564313130333431323736343436623531346638343931
65366132356230313735316539366438343566316130363763373464363035386161343462333933
39646636393061353934313036343435643638656261393463373164353130626461373062613266
39363361333863633637646662383765666539646136333166363335653431303331363232393864
35303463343866653164636530613665623032653462643138356666326434303131353661613431
37373062633931386561353434393936303864623962383638343763383536313961373533633935
38633066663461333738666664666561393164626230623665646162353037363237326437373131
32353033393038663930663663313365396165633232656664306436376232646532323237323438
65363039363939303863636436326239656237633238313630306362343764393863323932653364
36393866313864376561613230363237303932636162386638353466346661326539353338656562
38653634316538346236633162326233383137636263376434383538323561363265633930386363
34346261303733383137383265656637646338326636303561333138333361303633626133643766
37323934356461353733636465393861316362633865316436666365646231656561656139306666
33363666386435303537656666313062643861303165303836343761313131393739333366353434
62386435306233373166663837323433363334343735343939656330393463613163343138663436
62356236623462623536646164613232373133643936646537343863393737306130363635666137
38633037616462613065306534353162663331663565643063666266333336386364636337366466
35613030616431376431623332363133366262623931346662623332343461333737643331346636
61343632313335363836643238386362346332656635623165353735313437393563653262343330
34356135663861303436323766643037363535393766626661616362666231343431383361383431
62376266396162643036623461646339663161306134643637316333613831386136623664373836
37363864393938656339323735663438396461633135366463343037666264373034383439343234
39616166366134376532333561633930366662313737333661353138633039326261313131386239
37626431366663626333356430633962323631303432623137363263376635616261376562393231
37653538633834333230643338383362363934336561366164633535643633313337373637323639
31656134373033336334396162623937356366383433386636666230383532656330663936656564
35366230623837313764343535613165303864376565653134626563306639376565613237343435
62393662363735373266356663333831663234643234303038343735633339316364303539346434
36393637663564626134386237323364313838346566656138356439613333383535646633653564
61356264313066386438376130616262623362366365643931633361373130653263393736666632
34363338313932396166623931343235396661343538313835623938643337376631366433323235
32656564396164323235306166663533383932396135633234613332356538636465643538366466
61373963653230333265666138336435363462643834353561396634616131383763363836373838
39356430303666663938376531393832396262306533316133343462653737666233323232373232
38343637376361366332396436333731303265313131623433373537386461363239383366323435
65316238366536613530633731383036336439646538613538356234363764343466663839336663
37663861376535306537646137383438326337333532623532613262623530643666386261323430
39323333623565353039353538316330306235343364636131363530366334373138366366383130
37316361366430363033333135373830643665396432333561333433323863356366363638616461
37373837353233356132376237383564386436313962636533313237306239353061376261336264
65323838303666386634373439633734393538356361613564633264363664393033613330373238
61666366646163333534333262306336623361343536343534353531663665356236
