$ANSIBLE_VAULT;1.1;AES256
39633261386564313438663136336338613136303233333336616436383337656436393865336663
3862663766383839373865383462313864623034323064380a633231316630376539396533663331
30313933626239646365323263383737316232313865656238376333376561633462636132633533
3136646565643036650a376261303765393961656130623430373034623164623937643039373666
35316235613864616135393764343036363530656462663839326561316462333261313630373462
66373831373737333339353534323238373535666564313862316565353362386564323633323633
34633337616337303861343766373566396165326533306262613130303039633364613063623961
37343632346537353136303637303061343961363931633135666232656664306663643639633837
63343339353835613862343636393064383232336333303361316337623135666630386166656639
63336663396531373736383132666533633461303733646161363461613433623033363439336639
35373265396562393361313337613539333361613036313962316433613363633664326335363439
33376363343033613437613232663265366563323032653632373765313731373633333231653962
66643333376231336461653336633435373139303261316533393662613435363865373361393938
36656661353435663034326530353863316339636132366534626138613063623632386632323138
31636366303961373463383336336634623332346236333266326639623231393064373536303361
33666333303734643064623537626265313365646364383330663332333562333161643637363161
63376262393863653564323735316138623034653039376231336335313933653864643839373666
31326539303839336439333432333235663963313363643438376530303936623839306638396564
66383863313438383239383935353264303531613535316462623366396632346538373931356663
39616532653364333931326265333137343339303663633737303335366533333637353330653638
37396363643930373963636261656235633961306166663566376331613139663837346161613061
30646661373366636636656630336230306235643365613065363136666635303634366362643261
36636264623161663535613532326364666338646165316230306134393532396338646263373435
66643638636462626162386631306137393530326138643361653864336337393230656139326162
66376362373938373862363032363639363437663230653333363862343036376164616263303332
31646339653736383630646533376636633336663239626165336436316638653863383264386533
33616665353131366262356264646364646332313862643866333539613530383331373835353063
35653738356531656634376664316564616636366661663038653161343936326439356631373465
33326138616265326430383534386134363237313833666338333165396539366434663336376134
38306265313461323463346334306362636634373737636161626436653637383739343563396438
33613465353136356261643264386335333833333563323364343135383564643961663636633239
62656534376630346661333537636232383236323838633133333863636465663361643432356339
37623839393931333135613961333837633731313739656137366239333766363234333430653564
62613566616233626531303338376162383935323035313330626634373861656162343266633038
32343233383935316564333331353232323736623062383137353033326631656436313565663837
61356438646262663434353039663937323261383337616563363532353733653131653364623234
35346461656238393364616630336538646461663832633030356161383666333264366263383662
38646433656361346462363637313435343962393335333333386132306235336334376338323235
36636237396132333736646163643862386334356663656562653730323330346566396333613932
37666563343731343633616164653663613833303630633232373937663137653332633732353562
38656639373734636331343462656233633737303435356334366235396331316236323035353961
62366536313734633833653839313763316166616431623231303036643261386165626431356636
66613936363537303364393765306534626138326630313961303061653831616266616233306363
63623365313632343262316266666534633639346664646462306435366666626632613665653164
62316539623765366531363232333964626437633864623066656261646432376134376638626663
32656534363066343166303431626438353338613738623433386566326637663231313438646565
32626462616364316238633637343665316330336336643937353832333936663231323066626137
31333232613735643339653135643333373137303562326433393064663531346535393130343139
38353332663563316164303430666464613864626535633461653763326337323136323766616430
38353938333137626536333338363463346636373032363261633132623961356162636332316137
37616633303333316234623365313737636433653333306430363234613462323731316664333161
32646135306538643638646236393234656336623438646332333462343030306430643235306166
34333662373032316539663233376565313261333330353034323164356336316462333835633636
62396237663164386261303765613034393135633263373531383864373730616366326137393135
64353737356533386564393931396464363861356365663532303937373562386332353461383639
64373937666166316439343035373237623362363466373033353437373431383566323261663230
35653661363930393836306237383964353661663265333865396337326538666361656433393061
36376464343564353139613333326161646438303664303562346230333233383161393137383039
31306364333935663334653835356538653435346639613536316232643466313665303933626330
39343165366564393438626464366463346431666139666138313339623537623237396535653235
65346433393332343234343039663132323636303738396164636535623131396663323731323838
32653239336130646533323836376532313564373238343330383763363761316535663833343866
66323566386337313036383366613532663838396435316661636261626566653132363864363937
36353266613764356330386566643662333566363133363762343965343733316363383936326331
65333735316439383162653235393833616361373430653665633131666537366630373438643639
36366138646662303162376435613932323639336265323438626133376336346430383062373264
66356437623966356430316231626437633834313632316466313162333166326233616630303737
39363964376466333564636639636631376233333231376530366537343861386133663064323734
36303330383933326162306232306466393165633364383430363862303366366530666439353465
37363861366364336437343064623636326462636261653663663639666436626161366534316664
38393339666564633363613462326336376338663862623330353234313234613964386639383866
66363734346666373364646265383339363261313639653730663039626532653764613466393332
38366231313735333362326530623265323030346436633434366430613931653135323537653762
65356264393765663732663962333130326537656437343234323130616636626439323865316466
61613664623634316262343031373538623062633438313766323230643564323739353939306663
30633263646435393563633236653466393638373538383235303061633537326662366338353865
31376161326437626565303466366230623534323361323336383266373537623535653762376132
37303666306134333339323235363430666134616334666436366230373238386263313130366533
30653739356134376463666266323238656138633061376363323737383734326334383738313334
63376639313535336235343234353536646362623762313161303037366134643831306632306230
39376239336266323766613339653737666261633634393265356330623461376636656537343336
63386336653661353762633934316632306330356264353364646333373066353562643739313532
65626261613138373065323561393534666561333265303639613166353062643937643534343063
66663139666263383263636564613432653965326432646635313066353132366334393436303434
38363533646631316238336433366563386634663431373866303866363431636161333862313831
38346262646538363363623062383934646230373535373936663861653136626631383932383339
62633432366265663538383336656637313137343539613761613638386361333836393138396235
33363432623334303837306666626663633563623132373130396238393130363434613030323930
39373032303332346564336231363639313637613266343163653135363837383761363035643832
35623430633136663137353930336166316265306661363264636566393035663763376263306666
64623364316665343632353035636635383831313635656564373539626263626165623135356164
31363038303166343435643238643234306363643432316530623539646333376235346265353863
37353338663561623439626437363464346332613333623637373934613936373564613039353730
34323639633465383065363333393238643633303962313466333762323062333938303861393338
64323861383135646131373763353838626631396139663032316664633736656637643834326135
39343536306338616662303762356333353036626163346466366666313165323934643033626463
62323435396539373466346333386136316237653465323130623532343536373861616363343664
34366561646438363863323366353765366132396535363261613564333632333365393134623638
63633364313230303234303132383734623663373862663832366630633339313262323835663837
63623633613832653533643262306466306430663937616434653332663863396531396438383635
37306339323732393135363938636435643939336630323664323034613561633332643939653333
37316263626139623266656436366437356632333463313033663838313462343266303935373633
64313632616166396435303834626536666531666630383930623334383738396138326139646466
38323830306132616338346332663237613266343432386261366232323038363262386463653538
36326564356536313637326331313164623862636432313732363138333036656138383137383335
34303831316563653230633838643733353937333435643532363565653161393066316533653863
33623663376331323038393664656264326531333935313963363462376162303436663565386238
30316236626363333436353232613833366538373438616161306534383939663963356431326264
61333966616638386335656632636161313335396264323965656366306532623564396339346138
66386139363535313163356135613938663437653832396434393264653633363038613236626463
65613964613638333836306539336563613465643862663432393662656430623636613432346365
38353035323030353462616336643536353539313933323937336134363262373763626433333466
66613632326135303164383838393162633839396334333139353330666463353537373061343962
64316332393935636261373537326363386431663764346563666333373238396161656264316338
33643036373739663262626135396235633363643230366335373830396536646435303161613662
64616366376264386666343065353863353564353664653031336531366232643239363835626636
66366231613338623063666637316637656330653739613761643162666138613238323562666436
38313935333661366435623162383939666536373562306666333165366532636339306437393039
33636639393432306130383238396432343635633064306336343439393637663239666337316137
64333161393034323363353761313033373636303965346630666236613036663238616131336434
66663534343365616665303934663131346366633339313030336262656665353032383836366631
61613734646637373638653534393463303832623234333362646633333036633735363139323865
33353537386463646532396136383137663965376465393963616435353034613437363565333237
38616565613539323739326135323138366263316333313761643335616430393365353631633733
34303939383431393939373366303163316665356663363333643263383761376336623032633233
38616136366661373462636236656238303161393539646364653063343936616266346637656464
35396335626238373739663765363233313062353366613931376363383164626162376239386365
64616562333934643366353563656634316531633161613762373833316639363734316562666238
34383863643963343039663938643664373731383331663636386337383363356534333164393065
62376538343936613062346361663537633835333363653161336533326436396365343630396635
37353730316666303534663861393432336138356436623432373761613661356637313163373166
33623935643936333635383433356466613463633934353162623065656135646338626133326165
31346465363930383934633065396430313461356138333765616433663235323265653432386161
31353765393462633131373335333038623666303631393762363232343262396266643263623630
62373930353761393635626461383030663235306335386135346434386139333566363334633461
30326361363234306264623937613732646235393466303038313633633536383833396239613534
37663562323932386432666236646438343135356530333162363261353539666263346265343033
62333534646636336136616136383662623864613566363339303430666465383837666165653762
30373537333166656632353063353964396337623463323534613031386330633830623966396335
64323735643131346135643162663962633833633464363932356239363062616438653165623431
33353138376439633761623566333663623365626563316564376230336563623766323339353963
66626664623861353362643064656639656465623632343161363639653032333361613965633933
33336236333937333764313038663035393363393132356434363265343532613335656238303030
30343032383262336332303936613237303666646662396365653635323133636134343536653138
37343335663834333032316339313365316336383465363433363739636166346666353535666237
35303763383031663661663133643266353764353764326231376439396631383162633838353731
65393431623831336663393265353730636431393163383163663433313666656138333135363162
31343262343437636566363137393461663235366231633038636366363964643062396432643635
64373862626339323236316561373964333936323236386234363734623533343530646664653635
35613262643461633766356539633834633639323763636339663363643631306534363939663730
38623836373732333539363838323137386236383364346230356263663335316362663637326561
66356335336131616434666464646664646235616133366239343461386239383935373032623031
39333634373162373365343961643330386134326261653864346463346237376134306230623030
39643064623937633664623166323537643662626461373539663531343035363262323561316133
38373765306137636431613833616363303439316635666331303861326335653365616136376130
63643733623936346133333065613231633332303066386430356266376533313737396536336263
39363832333836613433663963366335323766386531393635656639333634353036376633393562
35653764366339306638613264643061383734383834366163653137353134653335373764336433
33666136663339653930326638363639616532326636663066613866323932323462636331613736
32386539393637363762326438616666373739613563663439343630633531646230386430303265
63656262333336653736663939633938303030333533646563343639653934313264303861323363
31383436613235376530613633336432613166353234653261376335633134346165646436346564
38646663336262643264383837363033653061393865303638316465623065303036373438343432
62393038323664623933666634343339316231633437613266323933626464366233613137303130
31336334663963313338626562333762303163623064366534643333363565633030386661653431
30653361356330366238636231663465333635643634323764643231363330313535343837663464
38303631336364323664353834663431663532323033313835356530306434323532653139343664
32303264666561636365643439323335333537643636353061663066333439386133643062316535
30366434623732326334343337623233336161316261646237346639316335653161383636633531
32353462313963363835346536333535396563363362333739646463623538616531663837343530
66656566363436663630326639343531643731306437303466303163333336653737316165363033
34646436336333373665356564633234326233653533353935653538323462653366656233626164
63366336636431643263643032373739373535373931636539326437636639616539643437303132
32353839333666346132656639616230343133613730636238346539386532633137363539613939
36323631313839663038313039326264356231633238353033316262386133643638616337366162
36663163396434333263636538383231343035313932663462386431616435666134326237666262
62316664313832643831633363636137303434386138636132656636313861303532356466343730
63393839376266623663306336313738393966656162643862653262346131616562323666326362
36333239383331613263326636646564393939376164323936396464653937663538393332353765
63313561363037373363636466313138356332373562346130633938356636333836616438313738
61333539623362373132326365333736663931393766323462333734656432626631663831306233
66623437356134343639343465363166643466383566623530643662323063303663666333653832
62353532633434656633356465393738313732633037323939303964326663643431343738613539
36336466653237336330333135343138313665386431353132653236376636343762313135653464
34653864336134373039313033323961373731613263643661343931333164363537356438343034
39376233316232663862636234363630373366616335393737313231373937323732313436646230
32633836633565313836316630666261373736313461653163306331306339623037343931656435
66383832333161626135383163623130333930633039653139613231313662346231346336633739
66613635646533303061363132643133623766643532313561343561653961346662376463643964
61643231313537383634326636636637376138356330626635373337653731386233646537313139
63663535323834343961376264393730353461633434646331633761616464316433336266386265
35306333316566656133666139346239626430643263623163636137323138653763663739353130
35393536363034353261303166316432653762316565393635323833636131383661623037333462
30366133353961343836383838663732326438343134353233356134356139653130616234306462
37666263666338373035656134306664326335343536626233656561633038643539353336366466
61353534323666333763386136383266323637353262333561373564363666656639633231613739
64626439633839633637313464316665346466396332363937326461333832306462343933626161
62393037386364353164323264373138663731373363643364653735346238653333313030376163
33613965373630346438313438636264363133656466376130666266616438383666333265353836
31366130356630333732386261313133623733323639303861633037653634636439643361613466
62343966363730303934326138303832313733666132656334363632373566633166643863643137
61303364366238306665393965336431663666646231356462313565313533383234653431643637
62646532663534356435323866646465613839313634333033383733356333346262303866323363
35396164666132326361343162303636336133643164396266666134653730653731336361303338
30613262343232623531323635353537633737323939643130313137343833333632666431616132
34646133656530313738333861336264616139343735316538373661343038383534356331383632
39383366646362393534616435663834366435373538653635346164336431356331383233393538
63336330363231646631393230343963303033373832613032623435353363323762376238343030
62373333336434646530373030313762663339626363616434313235356462623365663433653462
37356263643466346466313833386563333762616638623363663039633638636637616665356430
35343664666133633336636631323537616338336662373832613362633331643361396433346563
61366130656138633432316662626434353365646438323463656666386236343635666166346335
61373961346438356532386632383233633339666337306538336164383964666463333338646261
35643031613438613061646539373738363961613338363038333563306431323234306637656462
63316639396535356263346533323137343263333465653638613136653962646164383736323461
39396632626238663464386466653334323763373165653139303632366463303263333661303730
37303331366135666335356530633632376366653666343161653561383861613437
